0000000000000000000000000000000000000000000000000000000000000000000000000000000000000000000000000000
0000000000000000000000000000000000000000000000000000000000000000000000000000000000000000000000000000
0000000000000000000000000000000000000000000000000000000000000000000000000000000000000000000000000000
0000000000000000000000000000000000000000000000000000000000000000000000000000000000000000000000000000
0000000000000000000000000000000000000000000000000000000000000000000000000000000000000000000000000000
0000000000000000000000000000000000000000000000000000000000000000000000000000000000000000000000000000
0000000000000000000000000000000000000000000000000000000000000000000000000000000000000000000000000000
0000000000000000000000000000000000000000000000000000000000000000000000100000000000000000000000000000
0000000000000000000000000000000000000000000000000000000000000000000011010000000000000000000000000000
0000000000000000000000000000000000000000000000000000000000000000001100010000000000000000000000000000
0000000000000000000000000000000000000000000000000000000000000000110000001000000000000000000000000000
0000000000000000000000000000000000000000000000000000000000000001000000001000000000000000000000000000
0000000000000000000000000000000000000000000000000000000000000010000000000100000000000000000000000000
0000000000000000000000000000000000000000000000000000000000000100000000000100000000000000000000000000
0000000000000000000000000000000000000000000000000000000000001000000000000100000000000000000000000000
0000000000000000000000000000000000000000000000000000000000010000000000000100000000000000000000000000
0000000000000000000000000000000000000000000000000000000000100000000000000100000000000000000000000000
0000000000000000000000000000000000000000000000000000000000100000000000000100000000000000000000000000
0000000000000000000000000000000000000000000000000000000001000000000000001000000000000000000000000000
0000000000000000000000000000000000000000000000000000000001000000000000011000000000000000000000000000
0000000000000000000000000000000000000000000000000000000010000000000001101100000000000000000000000000
0000000000000000000000000000000000000000000000000000000010000000000110001010000000000000000000000000
0000000000000000000000000000000000000000000000000000000100000000011000001001000000000000000000000000
0000000000000000000000000000000000000000000000000000001000000001100000001000100000000000000000000000
0000000000000000000000000000000000000000000000000000011000000010000000001000010000000000000000000000
0000000000000000000000000000000000000000000000000111111111100010000000010000010000000000000000000000
0000000000000000000000000000000000000000000000011111101000111111000000010000001000000000000000000000
0000000000000000000000000000000000000000000000000011001000011001000000010000001000000000000000000000
0000000000000000000000000000000000000000000000000110010000011001000000001000000100000000000000000000
0000000000000000000000000000000000000000000000001100010000010111000000000100000100000000000000000000
0000000000000000000000000000000000000000001111111000010000111111111000000010000010000000000000000000
0000000000000000000000000000000000000000110000111111111111111110100000000001000110000000000000000000
0000000000000000000000000000000000000011000000100001010001100000110000000000111000000000000000000000
0000000000000000000000000000000000001100000000100010010011000000101000000000000000000000000000000000
0000000000000000000000000000000000110000000001000100010110000000100100000000000000000000000000000000
0000000000000000000000000000000000100000000001000100011001100000100100000000000000000000000000000000
0000000000000000000000000000000000100000000001101001110000011000101000000000000000000000000000000000
0000000000000000000000000000000000100000000000101010001000000100101000000000000000000000000000000000
0000000000000000000000000000000000100000000000111100001000000011101000000000000000000000000000000000
0000000000000000000000000000000000100000000000011000001000000000110000000000000000000000000000000000
0000000000000000000000000000000000010000000000010000001000000001010000000000000000000000000000000000
0000000000000000000000000000000000010000000000110000001000000001010000000000000000000000000000000000
0000000000000000000000000000000000010000000000100000010000000001101000000000000000000000000000000000
0000000000000000000000000000000000010000000000100000100000000001101000000000000000000000000000000000
0000000000000000000000000000000000010000000000100000100000000001100100000000000000000000000000000000
0000000000000000000000000000000000010000000001100001000000000001000100000000000000000000000000000000
0000000000000000000000000000000000010000000001100001000000000001000010000000000000000000000000000000
0000000000000000000000000000000000010000000001000001100000000000000010000000000000000000000000000000
0000000000000000000000000000000000001000000001000011000000000000000100000000000000000000000000000000
0000000000000000000000000000000000000100000001001110000000000000000100000000000000000000000000000000
0000000000000000000000000000000000000010000001111110000000000000000100000000000000000000000000000000
0000000000000000000000000000000000000001000001111010000000000000000100000000000000000000000000000000
0000000000000000000000000000000000000000100011011110000000000000001000000000000000000000000000000000
0000000000000000000000000000000000000000011101110010000000000000001000000000000000000000000000000000
0000000000000000000000000000000000000000111001100011000000000000001000000000000000000000000000000000
0000000000000000000000000000000000000001000111000010110000000001110000000000000000000000000000000000
0000000000000000000000000000000000000001000101000010001000000111010000000000000000000000000000000000
0000000000000000000000000000000000000000100100110010000100011100100000000000000000000000000000000000
0000000000000000000000000000000000000000101000001010000011110000100000000000000000000000000000000000
0000000000000000000000000000000000000000010000000111000111100000100000000000000000000000000000000000
0000000000000000000000000000000000000000000000000001111100010001000000000000000000000000000000000000
0000000000000000000000000000000000000000000000000001110000001001000000000000000000000000000000000000
0000000000000000000000000000000000000000000000000001000000000110000000000000000000000000000000000000
0000000000000000000000000000000000000000000000000000000000000010000000000000000000000000000000000000
0000000000000000000000000000000000000000000000000000000000000000000000000000000000000000000000000000
0000000000000000000000000000000000000000000000000000000000000000000000000000000000000000000000000000
0000000000000000000000000000000000000000000000000000000000000000000000000000000000000000000000000000
0000000000000000000000000000000000000000000000000000000000000000000000000000000000000000000000000000
0000000000000000000000000000000000000000000000000000000000000000000000000000000000000000000000000000
0000000000000000000000000000000000000000000000000000000000000000000000000000000000000000000000000000
0000000000000000000000000000000000000000000000000000000000000000000000000000000000000000000000000000
0000000000000000000000000000000000000000000000000000000000000000000000000000000000000000000000000000
0000000000000000000000000000000000000000000000000000000000000000000000000000000000000000000000000000
0000000000000000000000000000000000000000000000000000000000000000000000000000000000000000000000000000
0000000000000000000000000000000000000000000000000000000000000000000000000000000000000000000000000000
0000000000000000000000000000000000000000000000000000000000000000000000000000000000000000000000000000
0000000000000000000000000000000000000000000000000000000000000000000000000000000000000000000000000000
0000000000000000000000000000000000000000000000000000000000000000000000000000000000000000000000000000
0000000000000000000000000000000000000000000000000000000000000000000000000000000000000000000000000000
0000000000000000000000000000000000000000000000000000000000000000000000000000000000000000000000000000
0000000000000000000000000000000000000000000000000000000000000000000000000000000000000000000000000000
0000000000000000000000000000000000000000000000000000000000000000000000000000000000000000000000000000
0000000000000000000000000000000000000000000000000000000000000000000000000000000000000000000000000000
0000000000000000000000000000000000000000000000000000000000000000000000000000000000000000000000000000
0000000000000000000000000000000000000000000000000000000000000000000000000000000000000000000000000000
0000000000000000000000000000000000000000000000000000000000000000000000000000000000000000000000000000
0000000000000000000000000000000000000000000000000000000000000000000000000000000000000000000000000000
0000000000000000000000000000000000000000000000000000000000000000000000000000000000000000000000000000
0000000000000000000000000000000000000000000000000000000000000000000000000000000000000000000000000000
0000000000000000000000000000000000000000000000000000000000000000000000000000000000000000000000000000
0000000000000000000000000000000000000000000000000000000000000000000000000000000000000000000000000000
0000000000000000000000000000000000000000000000000000000000000000000000000000000000000000000000000000
0000000000000000000000000000000000000000000000000000000000000000000000000000000000000000000000000000
0000000000000000000000000000000000000000000000000000000000000000000000000000000000000000000000000000
0000000000000000000000000000000000000000000000000000000000000000000000000000000000000000000000000000
0000000000000000000000000000000000000000000000000000000000000000000000000000000000000000000000000000
0000000000000000000000000000000000000000000000000000000000000000000000000000000000000000000000000000
0000000000000000000000000000000000000000000000000000000000000000000000000000000000000000000000000000
0000000000000000000000000000000000000000000000000000000000000000000000000000000000000000000000000000
0000000000000000000000000000000000000000000000000000000000000000000000000000000000000000000000000000
