# .PCD v0.7 - Point Cloud Data file format 
VERSION 0.7 
FIELDS x y z rgb 
SIZE 4 4 4 4 
TYPE F F F U 
COUNT 1 1 1 1 
WIDTH 1944
HEIGHT 1 
VIEWPOINT 0 0 0 1 0 0 0 
POINTS 1944
DATA ascii 
4.096385 0.28524461 0 4278652674 
3.9652719 0.25068575 0 4278521088 
4.0962853 0.28569406 0 4278652674 
4.3561521 0.30482692 0 4278652674 
3.9781418 0.25211442 0 4278652417 
4.0430665 0.25666434 0 4278652674 
4.0691562 0.28435227 0 4278586881 
4.1241164 0.28845373 0 4278652674 
4.1790733 0.29256722 0 4278652674 
4.266099 0.27096173 0 4278586881 
4.3250542 0.27498433 0 4278717697 
4.3870769 0.30737522 0 4278718467 
3.6389642 0.18373007 0 4278849283 
3.7269762 0.1882319 0 4278849281 
3.6820703 0.20937248 0 4278586881 
4.0689335 0.23253854 0 4278521088 
4.150918 0.23738901 0 4278717697 
4.096024 0.26028931 0 4278652674 
4.3248968 0.27569628 0 4278717953 
4.3248043 0.30418387 0 4278849283 
4.3559399 0.30578297 0 4278652674 
3.6818352 0.186538 0 4278718467 
3.7037697 0.18797246 0 4278652674 
3.7717521 0.19157143 0 4278783490 
4.1508169 0.23784451 0 4278717696 
4.2947111 0.27459094 0 4278717697 
4.0956626 0.23533402 0 4278783490 
3.3986847 -0.003883318 0 4278586880 
3.4754086 0.018396681 0 4278652674 
3.6176541 0.043168563 0 4278652674 
3.6386437 0.067099489 0 4278455296 
3.5345795 0.12273097 0 4278718467 
3.5965979 0.15986454 0 4278652674 
3.6815104 0.16410749 0 4278652673 
3.7265568 0.1659359 0 4278718467 
3.3985605 -0.0033239657 0 4278521088 
3.4945521 0.019374637 0 4278652674 
3.5965002 0.043594915 0 4278718467 
3.5859671 0.090157196 0 4278586882 
3.6174889 0.067392014 0 4278521088 
3.575407 0.12500039 0 4278652673 
3.638289 0.16315886 0 4278784258 
3.0768962 0.39914599 0 4278784258 
3.5342629 0.043871399 0 4278718467 
3.5543041 0.090079032 0 4278652672 
2.4801664 0.11927646 0 4278651904 
3.524199 0.11265473 0 4278784258 
3.554239 0.13651128 0 4278784258 
3.6171803 0.16269796 0 4278718467 
2.464931 0.27160692 0 4278783488 
3.0693183 0.36866498 0 4278849795 
3.092762 0.40182605 0 4278981637 
3.129112 0.42005253 0 4278915844 
3.1877584 0.4555504 0 4278850051 
3.2545149 0.57184571 0 4280496917 
2.40593 0.9256736 0 4282405937 
2.4739347 0.97849077 0 4282603319 
2.4438756 1.0039364 0 4281877544 
2.4839034 1.0040493 0 4282208564 
3.9119451 1.6344882 0 4278916359 
3.862859 1.6646928 0 4278587142 
3.9119093 1.6600579 0 4278850568 
2.4170456 0.14033736 0 4278717697 
2.4750652 0.14362833 0 4278586881 
2.3528786 0.15262777 0 4278586881 
2.4259176 0.15717952 0 4278717697 
2.4749222 0.16033307 0 4278586881 
2.388854 0.24807587 0 4278717696 
3.0391402 0.3658694 0 4278850306 
3.0616851 0.37827843 0 4279047684 
3.0765965 0.40049657 0 4278981892 
3.1235738 0.42697197 0 4278982149 
3.1662281 0.46029171 0 4278784260 
3.1873994 0.51924449 0 4279311367 
3.2044656 0.5217033 0 4279376904 
2.3607955 0.8937161 0 4282669881 
2.3856144 0.91046172 0 4282603318 
2.4202738 0.94764423 0 4282867263 
2.2901666 0.99409175 0 4280954127 
2.3336785 0.99012345 0 4280889366 
2.3697305 0.98958457 0 4282470965 
2.4327755 0.9714483 0 4282735935 
2.3967829 1.0006862 0 4282142000 
2.4348083 1.0005577 0 4282735424 
3.9371698 1.3881588 0 4280495123 
3.9708164 1.4344206 0 4280826143 
3.9245396 1.4735355 0 4280562459 
3.9750443 1.466549 0 4280365080 
3.8749161 1.531116 0 4279310856 
3.8868484 1.5866647 0 4279573515 
3.9118621 1.558638 0 4280033034 
3.8747568 1.6451294 0 4278718469 
3.91185 1.6349177 0 4278850568 
3.6787035 1.6582185 0 4278849283 
3.7687163 1.6740081 0 4278849541 
3.8387661 1.6714481 0 4278784262 
2.2748289 0.14779903 0 4278717697 
2.2996745 0.16503844 0 4278652674 
2.3796616 0.17079781 0 4278652674 
2.4256592 0.17408544 0 4278586881 
2.2096391 0.21613604 0 4278783490 
2.2746694 0.22231925 0 4278783488 
2.3086574 0.22568004 0 4278783490 
2.5046406 0.26107246 0 4278717697 
2.9315147 0.34399796 0 4278718465 
2.9594693 0.34747106 0 4278915844 
3.0465224 0.37716413 0 4279047430 
2.2987061 0.85584724 0 4282931767 
2.3426869 0.87221754 0 4282867258 
2.3666925 0.89131111 0 4282998590 
2.3889127 0.91842324 0 4282998849 
2.4106483 0.94450867 0 4282736447 
2.1775012 0.99576342 0 4282009900 
2.22613 0.9945339 0 4282010413 
2.2800946 0.98292661 0 4281218586 
2.3275816 0.97291726 0 4281415967 
2.3785722 0.96837968 0 4282801215 
2.425138 0.96594989 0 4282933571 
2.1694746 1.0063306 0 4282405687 
2.2284446 1.0119541 0 4282605120 
2.259424 1.018736 0 4282603837 
2.2983763 1.0513282 0 4283064389 
3.9369302 1.3892397 0 4279507463 
3.9368939 1.4149729 0 4280299286 
3.9749358 1.4412215 0 4280299031 
3.9368298 1.4834508 0 4280299290 
3.9749477 1.4669855 0 4280167445 
3.9367797 1.530556 0 4279837970 
3.8867245 1.5746018 0 4279968016 
3.9283626 1.5744597 0 4279771406 
3.4525797 1.6023659 0 4281940228 
3.5725987 1.634402 0 4279374592 
3.8722568 1.6143335 0 4278981896 
3.6785245 1.6590265 0 4279046660 
3.7230964 1.6664762 0 4278915588 
3.7915261 1.6603925 0 4279113477 
3.8306201 1.6603146 0 4278915845 
3.886523 1.6512475 0 4278981639 
2.1556463 0.15490206 0 4278717697 
2.2296655 0.1600901 0 4278586881 
2.3346624 0.16758586 0 4278783490 
2.4354415 0.25481156 0 4278323712 
2.3334696 0.87744033 0 4282933314 
2.3605082 0.8950116 0 4283064387 
2.3364112 0.94201738 0 4282669886 
2.3739605 0.9310928 0 4282735935 
2.0613308 0.9973346 0 4279308807 
2.177448 0.99600238 0 4282603834 
2.2912443 0.97997653 0 4282273841 
2.3100493 0.97159624 0 4281482527 
2.0256469 1.0199972 0 4278716416 
2.1266093 1.007821 0 4281350437 
2.1723578 1.0176653 0 4282537275 
2.2270184 1.0382866 0 4282603581 
2.2861383 1.0257241 0 4282999108 
2.3157728 1.022131 0 4283064901 
2.0271926 1.0605906 0 4278519296 
2.2858288 1.0532399 0 4282999365 
3.8628135 1.3638208 0 4279704072 
3.9117737 1.4192932 0 4280101653 
3.8865831 1.4742569 0 4280102682 
3.9242051 1.4750445 0 4280233240 
3.9303365 1.5290323 0 4279641105 
3.3954518 1.5987186 0 4280164868 
3.9198239 1.5805532 0 4279574283 
3.9615872 1.5796822 0 4279442442 
3.511466 1.6300805 0 4280295168 
3.5829272 1.6399486 0 4281939973 
3.8785057 1.6143402 0 4279113736 
3.9113915 1.6242807 0 4279047430 
3.67839 1.6596324 0 4279244292 
3.7453907 1.6653191 0 4279178759 
3.7913876 1.6610172 0 4279244040 
3.8384311 1.6563358 0 4279113223 
3.8863811 1.6518878 0 4279112966 
1.9638264 0.16818424 0 4278322944 
2.0257971 0.17041257 0 4278388992 
2.0763431 0.1641137 0 4278257664 
2.2734075 0.84793979 0 4282801726 
2.2483137 0.85370833 0 4282735937 
2.2732759 0.86329311 0 4282734650 
2.2857633 0.94226509 0 4281085967 
2.3244882 0.93076003 0 4282800700 
2.354285 0.92687559 0 4282669370 
2.0264704 0.99065781 0 4278979843 
2.0751839 0.99125028 0 4279637771 
2.2374732 0.98121446 0 4282538044 
2.2758796 0.9631052 0 4281680935 
2.3245075 0.95348454 0 4282403626 
1.9880737 1.0021391 0 4278584832 
2.0089219 1.0223162 0 4278585088 
2.1321135 1.0047432 0 4280824095 
2.1696744 1.0149339 0 4282076984 
2.2481761 1.029503 0 4282999107 
2.2902102 1.0038273 0 4282801730 
2.0141339 1.0541005 0 4278453504 
3.7916546 1.339642 0 4279771917 
3.8386312 1.3811613 0 4280233495 
3.8625839 1.4275807 0 4280036374 
3.8624837 1.4656668 0 4280233752 
3.8864527 1.5000901 0 4279772949 
3.9114218 1.5352162 0 4279311885 
3.3953276 1.599278 0 4282466048 
3.9113679 1.5735708 0 4279376905 
3.4522433 1.6038824 0 4282268672 
3.5113378 1.630659 0 4282399744 
3.5827525 1.6407367 0 4281874952 
3.8862925 1.6144185 0 4279178503 
3.6351275 1.6651644 0 4281020686 
3.7228794 1.6723347 0 4279178500 
3.7796383 1.6693782 0 4279244039 
3.8302469 1.6619972 0 4279113733 
3.8862391 1.652528 0 4279179016 
1.9331684 0.16632773 0 4278257920 
1.9761889 0.17633155 0 4278454528 
2.0281591 0.16121089 0 4278192128 
2.0552418 0.16293836 0 4278322944 
1.7875012 0.59221107 0 4278718208 
1.7774668 0.60641062 0 4282075177 
1.7723968 0.65105915 0 4282471216 
2.2163112 0.8272779 0 4282406459 
2.1239793 0.94643909 0 4282273072 
2.1845288 0.94456065 0 4282405684 
2.229389 0.9443121 0 4281878055 
2.2680447 0.93022221 0 4281679647 
2.315618 0.93266571 0 4282405167 
1.9826493 0.99342155 0 4278454531 
2.0186434 0.97834259 0 4278980359 
2.0703728 0.97619945 0 4280757530 
2.1265326 0.97491974 0 4282339637 
2.1770639 0.96947861 0 4282406200 
2.4239807 0.95297337 0 4282140970 
1.9498993 1.0219096 0 4278455045 
1.9711993 1.0169481 0 4278388482 
3.936523 1.3399348 0 4280953868 
3.838526 1.3567011 0 4280561686 
3.8624959 1.3903427 0 4280365077 
3.9239664 1.3741624 0 4280823571 
3.7912848 1.4398239 0 4280759585 
3.826354 1.4402258 0 4280365083 
3.8704185 1.4270529 0 4280365081 
3.9238644 1.4128966 0 4280824857 
3.7912326 1.4770017 0 4280825890 
3.8143287 1.4854548 0 4279574800 
3.7911632 1.5265722 0 4279638534 
3.83828 1.5323486 0 4279244809 
3.3952038 1.5998374 0 4281742080 
3.7910938 1.5761427 0 4279441667 
3.8382273 1.5699874 0 4279245319 
3.7910242 1.6257131 0 4279506693 
3.8301384 1.6292938 0 4279311113 
3.6560407 1.6751012 0 4278651906 
3.7225351 1.6811717 0 4279243526 
3.7910008 1.6750753 0 4279178501 
3.7679017 1.7021608 0 4279309316 
1.9090042 0.16755499 0 4278323456 
1.9676749 0.17857581 0 4278389504 
1.7393795 0.56916153 0 4278718466 
1.7557291 0.58422679 0 4278850049 
1.7770659 0.62237751 0 4282471216 
1.8156812 0.6343888 0 4282669364 
1.8352723 0.66261369 0 4282866485 
2.232085 0.84871399 0 4282471218 
2.2302117 0.87260318 0 4282273325 
2.0433102 0.94481754 0 4278257664 
2.0788684 0.9405098 0 4279640081 
2.1296065 0.92953932 0 4280627996 
2.1809022 0.9188273 0 4280824602 
2.2159367 0.92252791 0 4281021205 
2.2559619 0.91690594 0 4282140970 
2.3068986 0.92274153 0 4282009900 
1.9776952 0.99441189 0 4278718995 
2.0199575 0.97053283 0 4278586889 
1.9475381 1.0149105 0 4278390029 
1.9708929 1.0123099 0 4278389769 
2.0090587 1.0056735 0 4278191873 
3.7911463 1.4404485 0 4281415189 
3.8381867 1.4330325 0 4281219355 
3.8862286 1.425365 0 4280890908 
3.7450647 1.4883714 0 4280230406 
3.7680824 1.4647137 0 4280888330 
3.7450321 1.5331225 0 4279440640 
3.7449083 1.5782849 0 4279046144 
3.767894 1.6205965 0 4279177473 
3.7678156 1.6658294 0 4279243522 
3.7907467 1.7254785 0 4278980609 
3.7791772 1.7697096 0 4278848768 
3.7906251 1.8122268 0 4278782721 
3.8135896 1.8480681 0 4278782976 
3.8135371 1.8854716 0 4278849025 
3.7828314 1.9320092 0 4278652418 
3.8134208 1.9355524 0 4278914562 
3.7674298 1.9735581 0 4278652674 
3.8133507 1.9854233 0 4278915074 
1.8859774 0.16396923 0 4278323456 
1.9100649 0.17574844 0 4278388992 
1.7292119 0.56897444 0 4279969552 
1.7722621 0.5941397 0 4280759320 
1.7743611 0.61977053 0 4282800952 
1.8031958 0.63982368 0 4282669879 
1.818451 0.65735823 0 4282734904 
2.0377192 0.94050592 0 4278191872 
2.0700834 0.93271255 0 4278389249 
2.1254346 0.92735511 0 4278323712 
2.1750758 0.92616051 0 4279507722 
2.2977405 0.94973719 0 4279309836 
2.033854 0.97190911 0 4278718211 
2.359689 0.99065846 0 4278916107 
1.9824247 1.0298784 0 4278257411 
3.7909558 1.478251 0 4280822280 
3.8380115 1.4587575 0 4279770112 
3.8860507 1.4514116 0 4281283083 
3.7338948 1.5292783 0 4278782720 
3.744781 1.5829141 0 4278586112 
4.6107621 1.5712619 0 4278453760 
3.7753468 1.6247987 0 4278980096 
4.6456995 1.6286404 0 4280493323 
4.7526479 1.6197211 0 4278453760 
3.7791319 1.6716996 0 4279046144 
4.6456351 1.6742029 0 4280297481 
4.8276024 1.676613 0 4279835655 
3.813561 1.736696 0 4278848768 
4.827558 1.7081779 0 4280625421 
3.7904925 1.7758818 0 4278848512 
4.8655124 1.7533206 0 4280624651 
4.9823861 1.795673 0 4280625419 
3.778924 1.8199586 0 4279111682 
3.7673101 1.8639429 0 4279046147 
3.8133979 1.8860999 0 4279111683 
3.7902379 1.9248013 0 4278849536 
3.8133278 1.9359713 0 4278980353 
3.7901857 1.961979 0 4279309062 
3.813221 1.9901379 0 4278914818 
1.8705074 0.16752754 0 4278323712 
1.9025398 0.19133428 0 4278521090 
1.9325038 0.20695911 0 4278455296 
1.9885461 0.21905142 0 4278521089 
1.6990644 0.54879618 0 4278652672 
1.703109 0.54986751 0 4278652672 
1.7375343 0.57698566 0 4281088797 
1.7520583 0.59981179 0 4282668595 
1.7678913 0.61808604 0 4282734642 
4.827529 1.6455781 0 4278453760 
4.3203373 1.6998402 0 4279967239 
3.8374553 1.7230718 0 4279374849 
3.9102955 1.7308557 0 4281020691 
4.4133697 1.7072513 0 4279769862 
4.6454797 1.7050885 0 4280822030 
4.9294248 1.7232193 0 4280164360 
3.7903175 1.780776 0 4279308802 
3.8253393 1.7679286 0 4279637763 
3.8772533 1.7711496 0 4281282835 
4.5762453 1.7702578 0 4281348624 
4.6452813 1.766349 0 4280822282 
4.7523146 1.7756165 0 4280756235 
4.8653493 1.7856685 0 4280887821 
4.9823103 1.7636418 0 4280756235 
3.7729905 1.8180232 0 4279177730 
4.8271904 1.8039337 0 4280756235 
4.9422231 1.8142363 0 4280822028 
3.7671723 1.8645637 0 4279111939 
3.7843502 1.9225469 0 4279046146 
3.7900934 1.9623954 0 4279177476 
3.8130043 1.9911155 0 4279046402 
1.8803037 0.16408494 0 4278191872 
1.9364132 0.20778297 0 4278388736 
1.9720849 0.22995533 0 4278191872 
2.0013359 0.24086066 0 4278192128 
1.9753931 0.25039235 0 4278192128 
1.7312716 0.57344264 0 4281088797 
1.7443454 0.60956591 0 4282405677 
1.761862 0.62695378 0 4282537261 
4.0912452 1.6907903 0 4280757264 
4.146277 1.6862061 0 4279047430 
3.9352148 1.7293917 0 4280888075 
3.9601812 1.7275524 0 4280493323 
4.0121622 1.7240225 0 4280427273 
4.1461382 1.7137743 0 4280888845 
4.2311649 1.7209322 0 4280427020 
4.3201928 1.7285649 0 4281348626 
3.8371334 1.786857 0 4279440645 
3.8851068 1.7670326 0 4281282836 
3.9351306 1.7553411 0 4281019407 
4.3820786 1.7536384 0 4281348372 
4.4772148 1.7615614 0 4280953868 
4.5430961 1.7878075 0 4280953355 
4.6451254 1.7972344 0 4281413906 
4.9821887 1.7641891 0 4280558856 
3.7900825 1.8393022 0 4279309316 
3.8130846 1.8131784 0 4279243780 
4.6800065 1.8111774 0 4281282579 
4.7705946 1.8144534 0 4280953869 
4.8650675 1.8185512 0 4280822028 
4.9420424 1.8150506 0 4280822028 
3.7899842 1.8766884 0 4279177474 
3.8129857 1.8507911 0 4279178246 
3.7899358 1.9220585 0 4279177473 
3.7667873 1.9764551 0 4279243269 
3.8128574 1.9752597 0 4279243523 
1.1955036 -0.032397352 0 4278256896 
1.2340928 -0.022264307 0 4278191104 
1.2713252 -0.0093642678 0 4278388736 
1.6266832 0.53282797 0 4281220126 
1.6732668 0.53658527 0 4279245574 
1.680066 0.56618291 0 4282339372 
3.9599705 1.7413708 0 4281282836 
4.037993 1.7489662 0 4281150992 
4.0820513 1.732173 0 4281217041 
4.1325207 1.7221653 0 4281349139 
4.2029247 1.7380519 0 4281216786 
4.2755027 1.7395791 0 4280953613 
3.8369465 1.7877002 0 4279440901 
3.8729451 1.7665133 0 4281282578 
3.9349389 1.7562057 0 4281282573 
4.1738925 1.7534593 0 4281085200 
4.4129124 1.766665 0 4281217297 
3.836915 1.8210865 0 4279243523 
3.8608239 1.8494985 0 4279374852 
4.5759249 1.8014386 0 4280888076 
4.6798925 1.8116914 0 4281348372 
4.7888589 1.8224828 0 4280953357 
4.8648896 1.8193529 0 4280624908 
4.9418621 1.815865 0 4280691212 
3.8368235 1.8755239 0 4279177474 
3.872709 1.8682497 0 4279243268 
3.6987143 1.9414579 0 4279046660 
3.7216513 1.9295034 0 4279177476 
3.778187 1.9214602 0 4279177219 
3.8127801 1.9095329 0 4279111683 
3.7667301 1.9522343 0 4279177476 
3.812753 1.9509525 0 4279243269 
1.0403514 -0.073895164 0 4278191104 
1.0780853 -0.064877555 0 4278191104 
1.1222141 -0.056239605 0 4278191104 
1.1563224 -0.052816283 0 4278256896 
1.1447682 -0.045287322 0 4278256896 
1.1760327 -0.041037947 0 4278257152 
1.2263738 -0.030954005 0 4278257152 
1.2756199 -0.019894117 0 4278455040 
1.3023385 -0.01824576 0 4278718467 
1.0429945 0.29380983 0 4278718724 
1.0639622 0.27792993 0 4279310859 
1.0398054 0.30656374 0 4278850052 
1.5753523 0.52086014 0 4281680932 
3.9097059 1.7462181 0 4281349394 
3.9597774 1.7422409 0 4281480210 
4.0118017 1.7386835 0 4281151758 
4.0908213 1.7458696 0 4281282578 
4.2308173 1.7499951 0 4281019407 
3.8655713 1.7816347 0 4280558861 
3.9347951 1.7568542 0 4281349394 
4.1737909 1.7539178 0 4280888848 
4.2607064 1.7627647 0 4280888845 
4.3198371 1.7582392 0 4281018894 
4.3507252 1.771226 0 4280822798 
4.4447441 1.7800989 0 4281217556 
4.9816575 1.7989569 0 4280558858 
3.836771 1.8134251 0 4279309062 
3.860671 1.8250974 0 4279374852 
4.609694 1.8157245 0 4280953869 
4.7157135 1.8262889 0 4281282321 
4.7886839 1.823272 0 4280953614 
4.8647118 1.8201545 0 4280624649 
4.9221854 1.8095695 0 4280822028 
3.6545258 1.871944 0 4279045890 
3.7895975 1.8907466 0 4279177474 
3.8366187 1.8889132 0 4279111937 
3.8765879 1.8665105 0 4279243522 
3.6765747 1.9067628 0 4279111426 
3.743588 1.9167455 0 4279243012 
3.7780664 1.9097648 0 4278980353 
0.93321192 -0.10123247 0 4278190336 
0.98726976 -0.10459322 0 4278321920 
1.0289524 -0.10384887 0 4278190848 
0.92671978 -0.097459547 0 4278190336 
0.97486818 -0.09239427 0 4278322176 
1.0260528 -0.088072561 0 4278190848 
1.0731628 -0.080223911 0 4278190848 
1.1241808 -0.077520788 0 4278190848 
1.1750834 -0.066106759 0 4278191104 
1.2123718 -0.065418154 0 4278191104 
1.1907868 -0.046728313 0 4278257152 
1.2181079 -0.043289494 0 4278256896 
1.0462086 0.29187286 0 4278850053 
1.0635306 0.28829437 0 4278784260 
1.0451884 0.30526906 0 4278784261 
1.0565478 0.30761585 0 4278850052 
3.8606832 1.7497733 0 4281217040 
3.9262645 1.737017 0 4281348369 
3.9856133 1.7283897 0 4281151503 
4.0906219 1.7467685 0 4280822540 
4.1456962 1.742709 0 4281086224 
3.8365257 1.7895972 0 4279309316 
3.8605969 1.7668891 0 4281217043 
4.1735873 1.754835 0 4281216788 
4.2750468 1.7694173 0 4281084944 
4.3816113 1.7842197 0 4280887821 
4.4124956 1.79722 0 4281018894 
4.4766283 1.7932974 0 4281151763 
4.941546 1.7851768 0 4280362249 
3.6544147 1.824942 0 4279046144 
3.7894361 1.842217 0 4279177730 
3.836473 1.8272359 0 4279112196 
3.8605947 1.8128968 0 4279374852 
4.5085106 1.8065029 0 4281348372 
4.6444607 1.8304162 0 4281019149 
4.7154264 1.8275841 0 4281217040 
4.7761836 1.8296734 0 4280953614 
4.8645344 1.8209562 0 4280690442 
4.9025102 1.8032695 0 4280757005 
3.7214475 1.8820487 0 4278980352 
3.766438 1.8678746 0 4279046144 
3.8245001 1.8711373 0 4279242753 
0.80847895 -0.40499038 0 4278190848 
0.79242963 -0.38632727 0 4278455296 
0.79043889 -0.1592005 0 4278257664 
0.81041551 -0.12480503 0 4278257408 
0.87780786 -0.10196585 0 4278190336 
1.0343262 0.28365767 0 4278652675 
1.0405967 0.30515355 0 4278784516 
1.8340778 0.54885244 0 4278718465 
1.8870392 0.58292878 0 4278717952 
3.6333451 1.7440463 0 4279177730 
3.6763628 1.7404575 0 4279177730 
3.8364091 1.7402554 0 4281282066 
3.8844757 1.7362165 0 4281348115 
3.9344478 1.7328502 0 4281348626 
3.9854193 1.7292656 0 4281282833 
4.0904226 1.7476674 0 4281019151 
3.7740777 1.7695345 0 4279243524 
3.8124287 1.7541909 0 4281282324 
3.8604951 1.7506217 0 4281282066 
4.1734352 1.755523 0 4281019664 
4.2893863 1.7760732 0 4281085200 
4.3503542 1.7728992 0 4280887820 
4.4763012 1.7947729 0 4281282066 
4.8643417 1.7902114 0 4280690956 
3.698343 1.822945 0 4278980097 
3.7433603 1.8204528 0 4279177476 
3.7663867 1.8069084 0 4279045890 
4.5084009 1.8069983 0 4281216786 
4.6442904 1.8311818 0 4281084941 
4.7153115 1.8281022 0 4281084687 
4.7883339 1.8248503 0 4280887821 
4.8262496 1.808176 0 4280756235 
4.8643565 1.821758 0 4280625421 
0.79735523 -0.40139619 0 4278324224 
0.80138952 -0.40360451 0 4278389248 
0.7789306 -0.37358645 0 4278587648 
0.74753773 -0.30415487 0 4278521856 
0.76088983 -0.32693765 0 4278323968 
0.74741167 -0.27628377 0 4278389504 
0.7530244 -0.27208003 0 4278323200 
0.74872905 -0.23429009 0 4278323712 
0.75801617 -0.22226441 0 4278323456 
0.77691734 -0.17474441 0 4278257408 
0.80001634 -0.1522516 0 4278190592 
0.79688996 -0.12902986 0 4278191360 
0.80818081 -0.12475038 0 4278257152 
0.79345471 -0.08837609 0 4278257408 
0.80450535 -0.096287772 0 4278323456 
1.028585 -0.06310752 0 4278388736 
1.0261422 -0.024474574 0 4278454784 
1.0293447 0.025783001 0 4278455297 
1.0252446 0.22359587 0 4278586882 
1.0392022 0.27711943 0 4278586882 
1.0520307 0.29850793 0 4278652932 
1.046762 0.30435765 0 4278784003 
1.0558851 0.30963135 0 4278718467 
1.6116428 0.42074102 0 4282072344 
1.6943768 0.46104294 0 4280822544 
1.7257206 0.47623619 0 4278191872 
1.770993 0.49059352 0 4278257666 
1.7860279 0.51767492 0 4278323712 
1.8194643 0.52942926 0 4278257920 
1.8444675 0.55241752 0 4278587136 
1.88271 0.57283539 0 4278586880 
1.9088851 0.59232014 0 4278652416 
1.9308085 0.61604011 0 4279046914 
2.656718 1.3914371 0 4279179017 
3.5703475 1.6677591 0 4279374852 
3.5493443 1.727299 0 4279177730 
3.7432239 1.7237489 0 4281282581 
3.7892981 1.7443254 0 4281544722 
3.8362689 1.7408876 0 4281150991 
3.8842864 1.7370702 0 4281216784 
3.9218082 1.7280407 0 4281216784 
3.9852736 1.7299225 0 4281217040 
4.0902729 1.7483416 0 4280953868 
3.934124 1.7598804 0 4281216786 
4.0111294 1.7677853 0 4281282579 
4.0631461 1.7639257 0 4281085452 
4.145153 1.7720993 0 4280888845 
4.1732821 1.7562108 0 4281085200 
4.2301598 1.7804526 0 4281086224 
4.2892294 1.7767801 0 4281151504 
4.3501954 1.7736161 0 4280888075 
4.476192 1.7952647 0 4281085454 
4.8641639 1.7910132 0 4280756235 
4.5080709 1.8084844 0 4281085202 
4.5752001 1.8047063 0 4280953868 
4.609076 1.8185101 0 4280887821 
4.7151394 1.8288795 0 4281150993 
4.7696648 1.8186442 0 4280822028 
4.8261318 1.8087064 0 4280624649 
0.76783168 -0.37123635 0 4278323456 
0.74585396 -0.31457862 0 4278323456 
0.75468135 -0.33590782 0 4278191360 
0.74300748 -0.27388024 0 4278257152 
0.74409413 -0.22678448 0 4278257408 
0.75371766 -0.20507364 0 4278257152 
0.74881238 -0.19346073 0 4278190592 
0.76174968 -0.17168136 0 4278191872 
0.78857505 -0.12817127 0 4278257664 
0.80487913 -0.12361044 0 4278257409 
0.79494727 -0.091046914 0 4278323456 
0.80428129 -0.087531276 0 4278850053 
0.97921771 -0.065890051 0 4278191104 
1.022278 -0.067472547 0 4278322688 
0.93754894 -0.014760561 0 4278388480 
0.97883201 -0.02626738 0 4278322944 
1.0179882 -0.028524734 0 4278388736 
0.93805593 0.016313042 0 4278519296 
0.97556514 0.029928466 0 4278454272 
1.0117908 0.025407296 0 4278454784 
0.99542731 0.058689538 0 4278585344 
1.0238013 0.078146592 0 4278585856 
1.0350271 0.27520293 0 4278848768 
1.0373288 0.31517187 0 4278914816 
1.0596298 0.32286635 0 4281282832 
1.5556526 0.38710824 0 4278191616 
3.0899301 0.39452112 0 4279378697 
1.7783728 0.47582194 0 4278191616 
1.8161534 0.52131671 0 4278191616 
1.8429451 0.57126492 0 4278586880 
1.8726504 0.57530457 0 4278586880 
1.9127611 0.6106444 0 4278783744 
2.4806674 1.2766327 0 4279376912 
2.5416183 1.3242739 0 4279376912 
2.5516956 1.3373489 0 4279114510 
2.6111159 1.3174905 0 4279178760 
2.5846391 1.3630414 0 4279179533 
2.6286688 1.3515942 0 4279179018 
3.5392029 1.6425836 0 4279440902 
3.6541705 1.6835341 0 4281282579 
3.8841088 1.7631167 0 4281084941 
4.3810773 1.7866268 0 4280822030 
3.9849696 1.8089982 0 4280099082 
4.036984 1.805994 0 4280756753 
4.1179185 1.8286765 0 4280295691 
4.1730022 1.8117195 0 4281085970 
4.2300181 1.8085858 0 4281019407 
4.2744479 1.8275883 0 4280295432 
4.3343897 1.8391325 0 4279309059 
4.3500495 1.802547 0 4281216786 
4.4119177 1.8285025 0 4279374852 
4.4759331 1.8255253 0 4279967239 
4.5419478 1.8225067 0 4280690962 
4.6439509 1.8327127 0 4280691217 
4.7694688 1.8349687 0 4280757264 
4.8258524 1.8413318 0 4279374852 
4.8639412 1.8236287 0 4279901447 
4.9214659 1.8128164 0 4280164104 
4.981051 1.8016936 0 4280230409 
3.5908134 1.8665875 0 4278651904 
4.201849 1.8521491 0 4279505666 
4.6437955 1.8635981 0 4279967239 
4.769309 1.8666884 0 4279309060 
3.697813 1.945522 0 4278717697 
3.7207103 1.9579333 0 4278716929 
0.7455259 -0.35926712 0 4278389760 
0.75555849 -0.37230363 0 4278389504 
0.73649621 -0.32501289 0 4278323712 
0.73085129 -0.27490145 0 4278257152 
0.73362005 -0.22411996 0 4278257408 
0.74479663 -0.18297079 0 4278191616 
0.75508118 -0.15954576 0 4278191360 
0.77327693 -0.12648204 0 4278257408 
0.80952936 -0.12453095 0 4278190848 
0.78161341 -0.090003885 0 4278323712 
0.84440666 -0.068099238 0 4278585856 
0.86875689 -0.059974518 0 4278388224 
0.93355006 -0.059005655 0 4278191104 
0.83921927 -0.0220863 0 4278190592 
0.87008446 -0.025280297 0 4278190848 
0.90851039 -0.028929541 0 4278256640 
0.84288126 0.0050950986 0 4278190848 
0.8749755 0.01682316 0 4278519296 
0.92369473 0.03033147 0 4278782464 
0.96678925 0.046642356 0 4279111682 
0.99071211 0.056535948 0 4279506436 
1.2300282 0.075417362 0 4278257408 
2.7339396 0.27955955 0 4278194706 
1.0753418 0.32753316 0 4281282832 
2.7709508 0.30110878 0 4278587920 
2.8284297 0.32554549 0 4281873686 
2.9758768 0.36137867 0 4279706375 
3.0898547 0.39486054 0 4278850816 
3.10478 0.39704716 0 4278982656 
1.8311529 0.52127385 0 4278191616 
1.8362147 0.56959647 0 4278586880 
1.8710675 0.5771969 0 4278521601 
1.8854427 0.61183858 0 4278850562 
1.9004019 0.63322473 0 4280821778 
2.4905686 1.2416704 0 4279509266 
2.5315537 1.2371562 0 4278915846 
2.584553 1.2458283 0 4278914306 
2.5080717 1.2746747 0 4279311633 
2.5845685 1.2793583 0 4279047945 
2.6505475 1.2599115 0 4278979842 
2.6164026 1.3126993 0 4278982670 
2.6965435 1.316493 0 4279045890 
2.6394713 1.3580562 0 4279047693 
3.8119526 1.7315594 0 4280230411 
3.8598366 1.7535911 0 4280822803 
3.5907588 1.8434912 0 4278782720 
4.0896997 1.8040951 0 4279309064 
4.9017482 1.8385633 0 4280230666 
4.9807625 1.8353666 0 4280230666 
3.6536353 1.8759598 0 4279375109 
4.1727223 1.8672283 0 4280888591 
4.2887063 1.8906465 0 4280953614 
4.3341713 1.882426 0 4280428305 
4.3807435 1.8735566 0 4280691214 
4.4330082 1.8766979 0 4280428817 
4.4757829 1.8552939 0 4280493835 
4.5416431 1.8829216 0 4279835658 
4.5747814 1.8660628 0 4280493583 
4.6086545 1.8803221 0 4280361995 
4.7146506 1.8923713 0 4280558091 
4.7876625 1.8901142 0 4280230411 
4.8636971 1.8721504 0 4280427789 
3.7206085 1.9342062 0 4278520578 
3.7425613 1.9700334 0 4278585858 
0.73479474 -0.36068839 0 4278521600 
0.72265804 -0.32332397 0 4278455808 
0.71719056 -0.27450868 0 4278389760 
0.71695888 -0.22448426 0 4278257664 
0.72991198 -0.17568885 0 4278257408 
0.74146271 -0.13901176 0 4278257408 
0.76144999 -0.11711424 0 4278257664 
0.77805477 -0.093088925 0 4278323456 
0.83203655 -0.07227578 0 4278190848 
0.82684213 -0.02451463 0 4278190592 
0.84364188 0.0039349189 0 4278190848 
0.86456847 0.013252139 0 4278191104 
0.98924547 0.0313759 0 4278783490 
1.1861515 0.037171274 0 4278915848 
1.2043934 0.043812439 0 4278191104 
1.2331026 0.072327681 0 4278191616 
1.2371883 0.10805991 0 4283323951 
1.2603905 0.10981748 0 4281614631 
1.3179543 0.14178599 0 4281352997 
2.6867394 0.27589113 0 4278653969 
2.7257977 0.28536847 0 4278720015 
2.7768164 0.30233872 0 4278784784 
2.8477576 0.32847044 0 4279377160 
2.8672578 0.33061972 0 4281549101 
2.9921961 0.36412069 0 4279706634 
3.1126664 0.39854479 0 4278786049 
3.1205521 0.40004596 0 4278786048 
1.9422663 0.66009265 0 4279506435 
1.9669652 0.67812735 0 4280164617 
2.4754739 1.1784203 0 4279311630 
2.5314384 1.1883094 0 4279705614 
2.4904737 1.2016236 0 4279706645 
2.5079689 1.2180848 0 4279509523 
2.5515292 1.2137066 0 4278849283 
2.5314689 1.2539949 0 4279640854 
2.5733459 1.2582749 0 4279441938 
2.7084146 1.270023 0 4278783488 
2.662339 1.3183821 0 4279179533 
3.5906167 1.8207899 0 4280034838 
3.6325369 1.8185363 0 4281089061 
4.2295666 1.8381135 0 4280298516 
3.6975203 1.8987668 0 4280956194 
3.7204499 1.886547 0 4282273849 
3.7350807 1.9344968 0 4280561183 
4.4754825 1.914831 0 4280560151 
4.5244236 1.9210171 0 4280429336 
4.6259146 1.9334984 0 4280231442 
4.6785097 1.9091591 0 4281012997 
4.7143779 1.9242469 0 4281085725 
4.825367 1.9376179 0 4280755733 
4.7143345 1.9550864 0 4280954911 
0.74155897 -0.36255223 0 4278190592 
0.72382838 -0.32381433 0 4278190592 
0.71517283 -0.27520403 0 4278190592 
0.71108401 -0.22497617 0 4278190592 
0.71208328 -0.17439725 0 4278190592 
0.73240733 -0.1289777 0 4278190592 
0.75618124 -0.10419574 0 4278190592 
0.78086251 -0.089211889 0 4278190592 
0.81044412 -0.065053381 0 4278190592 
0.82044876 -0.026034014 0 4278190848 
0.85395026 -0.0031859009 0 4278191104 
0.85857058 0.0051397677 0 4278191104 
1.1888635 0.026808968 0 4278257928 
1.2200129 0.035565522 0 4278257929 
1.2293003 0.070964195 0 4278654223 
1.2533323 0.095346034 0 4278588174 
1.2284367 0.11322385 0 4284376122 
1.2609098 0.12825137 0 4282931768 
2.6806414 0.27574989 0 4281739792 
2.7336149 0.29878554 0 4280552706 
2.8345332 0.29121366 0 4278326551 
2.795553 0.32366219 0 4279510545 
2.821537 0.32048789 0 4279246351 
2.9705513 0.36226386 0 4279576080 
3.1044304 0.37845221 0 4279576084 
2.4803658 1.1489968 0 4278586881 
2.5003169 1.1420544 0 4278521603 
2.4753568 1.1547618 0 4278916360 
2.5206947 1.1837585 0 4279508236 
2.6162758 1.1772071 0 4279178248 
2.685164 1.2605492 0 4278389765 
2.7322159 1.2729864 0 4278586884 
4.4753056 1.886538 0 4278586883 
4.7871809 1.9856423 0 4278454528 
0.74475139 -0.35930276 0 4278190592 
0.75274926 -0.37186927 0 4278190592 
0.73632991 -0.32491145 0 4278190592 
0.72762638 -0.27504402 0 4278190592 
0.72481745 -0.22450367 0 4278190592 
0.72801298 -0.17475237 0 4278190592 
0.73443818 -0.12729929 0 4278190592 
0.75453645 -0.1042285 0 4278190848 
0.78379226 -0.077950075 0 4278190848 
0.80062401 -0.064879373 0 4278190848 
0.81979513 -0.033136133 0 4278190848 
0.86331093 -0.013964034 0 4281284136 
1.229954 0.036230929 0 4278521613 
1.2575325 0.017828099 0 4279044867 
1.2287182 0.067296967 0 4278260499 
1.2559668 0.092565581 0 4278718733 
3.0283911 0.35007727 0 4279576338 
2.4902697 1.0892185 0 4278915848 
2.5101967 1.0981182 0 4278652676 
2.4802599 1.1172079 0 4278784774 
2.5102353 1.1142645 0 4278784519 
2.5731821 1.1084558 0 4278915848 
2.5940983 1.1682934 0 4278259201 
3.9578462 2.0597441 0 4281286954 
0.74824756 -0.35394132 0 4278190592 
0.76023948 -0.36712575 0 4278191360 
0.74431497 -0.32029307 0 4278190848 
0.75365216 -0.33063173 0 4278455043 
0.74447554 -0.27533278 0 4278190848 
0.75287747 -0.27434999 0 4278389250 
0.73672521 -0.22289298 0 4278257153 
0.73910826 -0.17461874 0 4278191104 
0.74261451 -0.13365918 0 4278191104 
0.75772226 -0.11244205 0 4278191104 
0.7788555 -0.076973788 0 4278191104 
0.80316782 -0.053117789 0 4278191616 
0.79902756 -0.048060711 0 4278191360 
0.82083309 -0.036490045 0 4278323457 
1.236955 0.025182137 0 4280234780 
1.2605731 0.03903152 0 4280300060 
1.2711747 0.068709731 0 4279970838 
2.5311224 1.1074542 0 4278982154 
2.5941064 1.1176612 0 4278652676 
2.6160448 1.1612412 0 4278389763 
4.2287154 2.0069129 0 4278389763 
4.3796482 2.0493419 0 4278851338 
4.4426851 2.0204525 0 4279047945 
3.9201941 2.06668 0 4279047687 
4.0227194 2.0805426 0 4278915851 
4.0616097 2.0877562 0 4278849285 
4.1716409 2.0619674 0 4278850568 
4.035593 2.100903 0 4278784260 
4.1715646 2.1165588 0 4278784260 
4.2005806 2.1036735 0 4278784262 
4.6425066 2.1410568 0 4279047947 
0.77815562 -0.37062433 0 4278323457 
0.80296779 -0.39873403 0 4278192129 
0.76744556 -0.32394186 0 4278389250 
0.76302916 -0.27481598 0 4278323458 
0.74726164 -0.21629469 0 4278257409 
0.76175809 -0.22698912 0 4278257409 
0.745749 -0.17208087 0 4278258948 
0.76053733 -0.17546912 0 4278257922 
0.74857968 -0.14289506 0 4278260231 
0.76819766 -0.1234102 0 4278192129 
0.78461891 -0.08349508 0 4278191616 
0.80808455 -0.061871551 0 4278389763 
0.81931931 -0.045829706 0 4278323457 
1.2717302 0.039997391 0 4280892453 
1.2661713 0.073008694 0 4280102681 
4.1300964 1.9882498 0 4278849541 
4.1300397 2.0288298 0 4278718982 
4.287569 2.0351593 0 4278784008 
3.9200027 2.0675435 0 4278981640 
4.1714506 2.0899506 0 4279113996 
4.3793945 2.0789604 0 4278652676 
4.4424953 2.0790758 0 4278718469 
4.5735264 2.0501311 0 4278916361 
4.0354452 2.1015687 0 4278916103 
4.0884399 2.1022 0 4279311629 
4.171412 2.1172466 0 4278719751 
4.5403137 2.1250794 0 4278718982 
4.7313509 2.1667731 0 4278981639 
0.81059724 -0.40250269 0 4278323458 
0.79571366 -0.36479706 0 4278191872 
0.80602831 -0.38466334 0 4278323970 
0.79198587 -0.32745916 0 4278257921 
0.80464053 -0.317633 0 4278191616 
0.79392838 -0.278898 0 4278191360 
0.81288785 -0.27213454 0 4278191360 
0.78989208 -0.21885748 0 4278191360 
0.818349 -0.22510694 0 4278191104 
0.78836054 -0.17452785 0 4278191360 
0.82373345 -0.18126141 0 4278191360 
0.87236786 -0.17275722 0 4278651137 
0.90744996 -0.17008895 0 4278782721 
0.79042172 -0.12750576 0 4278257665 
0.80849445 -0.124385 0 4278917130 
0.79783636 -0.093420394 0 4278719753 
0.80697709 -0.091945551 0 4279642131 
1.2592883 0.049105633 0 4278324491 
1.2540724 0.063714877 0 4278587916 
4.1433773 2.036047 0 4278784003 
4.2003889 2.0226023 0 4279310084 
3.9323487 2.0747313 0 4278981641 
3.957231 2.0882514 0 4279112457 
4.14327 2.0769439 0 4279442444 
4.1712341 2.0638015 0 4279442955 
4.2002482 2.0505495 0 4279047945 
4.3481665 2.0937691 0 4279048713 
4.0352488 2.1024556 0 4278916361 
4.0882406 2.1030989 0 4279376910 
4.1432319 2.1040566 0 4278982406 
4.4422383 2.1091204 0 4278915846 
4.8622508 2.1473751 0 4279047947 
4.607151 2.1567032 0 4278653189 
4.7491426 2.1913338 0 4278981639 
4.786159 2.1769614 0 4278915847 
4.8241749 2.1625504 0 4279047689 
4.900104 2.1645687 0 4278915848 
0.90681428 -0.30668309 0 4278915076 
0.84456319 -0.25378507 0 4278322688 
0.86900026 -0.26760954 0 4278520320 
0.84375149 -0.22584753 0 4278848256 
0.86662239 -0.22359172 0 4278519808 
0.84848458 -0.199549 0 4278388480 
0.88480723 -0.18714063 0 4278388480 
0.92358601 -0.17112745 0 4278716929 
0.9681648 -0.16088372 0 4279046404 
1.0110489 -0.15780726 0 4279245323 
0.94523841 -0.14928557 0 4278914304 
0.97495228 -0.13295485 0 4279838995 
4.0610652 2.0902119 0 4279047687 
4.1250758 2.0867813 0 4279047689 
4.1709924 2.0920143 0 4279507981 
4.2001071 2.0784967 0 4278718980 
4.2580967 2.0791054 0 4278784262 
3.9830623 2.102519 0 4279177479 
4.0350518 2.103343 0 4278718980 
4.4260693 2.1167412 0 4278652932 
4.5059686 2.1402607 0 4278915594 
4.6420116 2.1734734 0 4278718469 
4.6768689 2.1902502 0 4279179531 
4.7488537 2.1926391 0 4278915846 
4.7859259 2.1780138 0 4279047945 
4.8746014 2.1753855 0 4278850566 
4.7859402 2.2090673 0 4278981639 
0.89187062 -0.30574587 0 4278586629 
0.90770733 -0.31639585 0 4279310604 
0.8695966 -0.27387241 0 4278257921 
0.86139095 -0.2244339 0 4278257408 
0.88009059 -0.17699617 0 4278257664 
0.91089994 -0.15370648 0 4278520322 
0.92474842 -0.14141153 0 4278652420 
0.96687508 -0.12157865 0 4280430103 
0.965078 -0.095592849 0 4280233493 
4.0608673 2.091105 0 4279507977 
4.1708908 2.0924728 0 4278915848 
3.9829166 2.1031761 0 4279047430 
4.0261683 2.1085656 0 4278719239 
4.142828 2.1058786 0 4278850565 
4.2869287 2.1216784 0 4279179531 
4.3323555 2.1300309 0 4278850310 
4.3787804 2.138679 0 4278915846 
4.5058174 2.1702421 0 4279442701 
4.6067719 2.188369 0 4278717699 
4.823719 2.1959715 0 4278718980 
4.8997831 2.1819463 0 4279047690 
4.9387145 2.183295 0 4279179020 
4.9788489 2.1677184 0 4278982152 
4.572648 2.2027676 0 4278915848 
4.6416292 2.2053792 0 4278981639 
4.7127247 2.2075 0 4278718469 
4.785707 2.2101197 0 4278916361 
0.89033687 -0.30887023 0 4278587656 
0.91999495 -0.32962704 0 4279641110 
0.95325857 -0.34910873 0 4280234014 
0.8705889 -0.2739341 0 4278389508 
0.86131728 -0.22308138 0 4278257664 
0.87760949 -0.17427559 0 4278323457 
0.90352279 -0.15277785 0 4278455299 
0.89329273 -0.14679544 0 4278521350 
0.92992687 -0.13667178 0 4278653192 
0.96430016 -0.11790672 0 4279509522 
4.0086842 2.091661 0 4278982153 
4.0606198 2.092221 0 4279113227 
4.0086479 2.1178975 0 4278916104 
4.0876923 2.1055708 0 4279836946 
4.1426764 2.1065619 0 4278850566 
4.1997614 2.1073675 0 4278916357 
4.2276325 2.1217706 0 4278982150 
4.3476095 2.1528258 0 4278718722 
4.4095912 2.1544285 0 4279047945 
4.8995814 2.1987853 0 4278981639 
4.9385943 2.1838381 0 4278915848 
4.6065049 2.2195282 0 4279574287 
4.6764841 2.2223969 0 4279311115 
4.7855463 2.2419624 0 4278719750 
4.8235574 2.2280667 0 4278653187 
4.8615689 2.2136748 0 4278718467 
4.938406 2.2328565 0 4278916103 
4.8803668 2.2706418 0 4279179531 
0.89481866 -0.3059122 0 4278587399 
0.91329378 -0.31946531 0 4278851083 
0.88336807 -0.27339834 0 4278389763 
0.90157622 -0.29657391 0 4278521606 
0.87918216 -0.22466703 0 4278323714 
0.88721263 -0.17793116 0 4278455300 
0.9049511 -0.15684424 0 4278587655 
0.93082637 -0.14103794 0 4278653705 
0.95754898 -0.12813811 0 4278917388 
1.0336857 -0.11246916 0 4281550640 
1.0566665 -0.11596893 0 4281156396 
1.0320129 -0.08637324 0 4283130950 
1.0626366 -0.087369449 0 4282538815 
4.0085378 2.0923221 0 4278916359 
4.0740256 2.0861921 0 4279311116 
4.1704841 2.0943072 0 4279311115 
4.0171056 2.1145952 0 4278718724 
4.0873933 2.1069193 0 4278718982 
4.1425753 2.1070173 0 4278718465 
4.1995568 2.1082911 0 4279047432 
4.286406 2.1240351 0 4278784258 
4.3319325 2.131938 0 4278718981 
4.3784599 2.1401234 0 4278850566 
4.5723133 2.2042758 0 4278982152 
4.6063929 2.2200346 0 4278916361 
4.6762562 2.2234251 0 4278982152 
4.7123365 2.2398937 0 4278718982 
4.9382858 2.2333994 0 4278850054 
4.9783783 2.2022126 0 4278981640 
4.8612428 2.2783704 0 4278653189 
4.9382176 2.2818747 0 4278522373 
0.90913045 -0.30697361 0 4279509523 
0.89343488 -0.26631707 0 4278455301 
0.90353209 -0.29315767 0 4278521350 
0.89706278 -0.22883163 0 4278455557 
0.90075731 -0.21849799 0 4278389765 
0.89872634 -0.19444124 0 4278521095 
0.90830278 -0.16765402 0 4278850314 
0.92284048 -0.14514963 0 4279246608 
0.97631758 -0.14014134 0 4279509523 
1.038574 -0.12052625 0 4281550639 
1.06458 -0.12581585 0 4282077238 
1.1125168 -0.12848127 0 4282669629 
4.1153517 2.0945261 0 4278850566 
4.1703825 2.0947659 0 4278916357 
4.0212607 2.1132765 0 4278719495 
4.0872936 2.1073687 0 4279047947 
4.1992493 2.1096764 0 4278982922 
4.2572789 2.1104808 0 4278784773 
4.3472781 2.1260462 0 4278718980 
4.4731908 2.1578987 0 4278718980 
4.5052681 2.172719 0 4278915846 
4.5721321 2.1753573 0 4278521603 
4.6062102 2.1909015 0 4278718980 
4.6761851 2.1933351 0 4278522373 
4.7481589 2.1957715 0 4278850568 
4.8231535 2.1828403 0 4278916361 
4.9381127 2.1860099 0 4278915846 
4.8992004 2.2164321 0 4279047689 
4.9781966 2.2030334 0 4278850568 
4.8231602 2.2612226 0 4279180301 
4.8991332 2.2645252 0 4278521088 
4.0167465 2.116214 0 4278718725 
4.0870943 2.1082675 0 4278982154 
4.1331348 2.113425 0 4278850311 
4.1991472 2.1101382 0 4278850566 
4.2270141 2.1245596 0 4278850568 
4.2860923 2.1254489 0 4278586881 
4.3471723 2.1265242 0 4278653187 
4.3780332 2.1420491 0 4278915846 
4.4730816 2.1583905 0 4278916359 
4.5049386 2.1742051 0 4279047432 
4.572021 2.1758602 0 4278521603 
4.6410494 2.1778109 0 4278982152 
4.6759996 2.1637595 0 4279442703 
4.7360454 2.170243 0 4278785030 
4.7849779 2.1511695 0 4278718982 
4.8230577 2.1675882 0 4279113223 
4.8990293 2.1694164 0 4278982150 
4.9780598 2.1712761 0 4278916102 
4.0079021 2.0951872 0 4278718209 
4.0599265 2.0953465 0 4278982154 
4.1149502 2.0963361 0 4278718727 
3.9818969 2.1077743 0 4278981123 
4.034019 2.1080012 0 4278850568 
4.0869946 2.108717 0 4279179533 
4.1988907 2.1112924 0 4278718723 
4.2859354 2.1261559 0 4278916102 
4.3778729 2.1427712 0 4278784516 
4.8228669 2.137084 0 4278982152 
4.8988352 2.1384318 0 4278718980 
4.4728637 2.1593742 0 4278850568 
4.5718536 2.1766143 0 4278587652 
4.675786 2.1951346 0 4278850567 
4.7298517 2.1735342 0 4278718469 
4.7848611 2.1516957 0 4278981641 
4.8609471 2.1532543 0 4278718982 
4.9379172 2.1547787 0 4278850568 
3.9308147 2.0816486 0 4280099084 
4.0077558 2.0958483 0 4278718467 
4.0597782 2.0960164 0 4278389505 
4.1148 2.0970151 0 4278521090 
3.9816542 2.1088691 0 4279112453 
4.1416664 2.1111169 0 4278586883 
4.2267046 2.1259542 0 4278982152 
4.2857785 2.126863 0 4279112455 
4.3156385 2.1421046 0 4278915846 
4.82269 2.1378794 0 4278850313 
4.898716 2.1389704 0 4278718469 
4.4086771 2.1585498 0 4278784260 
4.4727001 2.1601119 0 4278981895 
4.5386672 2.1620245 0 4278784517 
4.6056347 2.1635406 0 4278916105 
4.7356458 2.1823361 0 4278850309 
4.7846642 2.1681428 0 4278916103 
4.8227048 2.1691792 0 4278784260 
4.0596294 2.0966861 0 4278915848 
4.0205746 2.1163712 0 4278784516 
4.0729947 2.1173368 0 4278718981 
4.1415148 2.1118002 0 4278784518 
4.2266016 2.1264188 0 4279047434 
4.8985367 2.1397784 0 4278784776 
4.2854257 2.1563311 0 4278915848 
4.3464961 2.1578453 0 4278718469 
4.4405322 2.1745803 0 4279046662 
4.4723859 2.1906185 0 4278915076 
4.5214238 2.1845837 0 4279179018 
4.5714636 2.1783738 0 4278718982 
4.6054664 2.1643004 0 4278982152 
4.6754298 2.1663303 0 4278916359 
4.7234812 2.1674092 0 4279047176 
4.7845111 2.1532741 0 4279178248 
4.8604732 2.1553922 0 4278982152 
4.0333672 2.0846999 0 4279113736 
4.0728827 2.0913446 0 4278784517 
4.1143985 2.0988252 0 4278652676 
4.024683 2.1240082 0 4278718980 
4.0593944 2.1241558 0 4278587394 
4.198328 2.1138322 0 4278915848 
4.2563572 2.1423247 0 4279113225 
4.8982377 2.141125 0 4278784260 
4.3462844 2.1588013 0 4278784008 
4.3773522 2.173593 0 4278718982 
4.4722223 2.1913562 0 4278850055 
4.6227565 2.1882949 0 4278850311 
4.7112961 2.1679764 0 4278916359 
4.7843361 2.1540632 0 4278915846 
4.8602953 2.156194 0 4278652933 
4.937315 2.1574934 0 4278718467 
4.5711985 2.2093031 0 4278981639 
3.9725504 2.080435 0 4278915847 
4.0072851 2.0849338 0 4279048456 
4.0592213 2.0721188 0 4279048459 
4.1412497 2.0860538 0 4278849797 
4.0072303 2.124289 0 4278521601 
4.3151121 2.1444776 0 4278718469 
4.8981185 2.1416636 0 4278915846 
4.9771347 2.1430762 0 4279046919 
4.3461785 2.1592793 0 4279113227 
4.4720588 2.1920941 0 4278915848 
4.5380721 2.1942286 0 4279179275 
4.5710173 2.1803846 0 4279113736 
4.6167302 2.1814802 0 4278981895 
4.6750875 2.1678727 0 4278915844 
4.7351213 2.1744089 0 4278850309 
4.7841024 2.1551156 0 4278850309 
4.8601174 2.1569955 0 4278652676 
3.981108 2.0854297 0 4279311887 
4.007031 2.0817363 0 4279442959 
4.0860353 2.0864584 0 4279509266 
4.141098 2.0867372 0 4278981639 
3.9810228 2.1117158 0 4279771925 
4.1689587 2.1011858 0 4278915846 
4.3149543 2.1451895 0 4278916359 
4.8979392 2.1424718 0 4279047689 
4.9769526 2.1438971 0 4279311115 
4.4398823 2.1775105 0 4278916359 
4.4719496 2.1925859 0 4278916361 
4.5378504 2.1952267 0 4278915847 
4.5709062 2.1808875 0 4278981641 
4.6049047 2.1668327 0 4279311117 
4.6749163 2.168644 0 4279047431 
4.7109156 2.1543703 0 4278849798 
4.7839279 2.1559048 0 4279309834 
4.8599396 2.1577973 0 4279178761 
3.9807801 2.1128104 0 4279508494 
4.0241394 2.1177151 0 4279377166 
4.0588374 2.1002579 0 4279772949 
4.1138968 2.1010878 0 4279902739 
4.1832666 2.1227698 0 4279508493 
4.6747885 2.1388113 0 4278916357 
4.7467408 2.1404088 0 4279837713 
4.7837381 2.1256402 0 4278915846 
4.8218083 2.1418567 0 4279178500 
4.8977599 2.1432796 0 4279047430 
4.9767704 2.1447182 0 4279178503 
4.3457012 2.1614304 0 4278784262 
4.4397202 2.1782429 0 4279047945 
4.5707946 2.1813903 0 4279574289 
4.6187158 2.1680589 0 4279442444 
4.7838111 2.1564307 0 4279704844 
4.570641 2.2118168 0 4279311117 
3.9806828 2.1132483 0 4278586881 
4.0195937 2.1207933 0 4279376908 
4.0856986 2.1145601 0 4278785545 
4.1405172 2.14324 0 4279376908 
4.1686153 2.1298573 0 4279113738 
4.2256742 2.1306024 0 4278784262 
4.2555265 2.1460698 0 4279376908 
4.3765383 2.1487889 0 4279179018 
4.8976407 2.1438181 0 4278981639 
4.9366379 2.1284342 0 4279179018 
4.3455424 2.1621473 0 4278784262 
4.4395576 2.1789756 0 4279047947 
4.5261965 2.1814616 0 4279376908 
4.5705714 2.1823957 0 4279771666 
4.6045675 2.1683521 0 4279179016 
4.6745176 2.1704435 0 4278718467 
4.7285471 2.1640964 0 4279311115 
4.7835779 2.1574831 0 4278849281 
4.8595247 2.159668 0 4278981639 
4.9364724 2.161294 0 4278651906 
4.0585032 2.1281743 0 4280364055 
4.9764671 2.1460865 0 4280233500 
4.0853248 2.1694145 0 4280495893 
4.1402769 2.1712637 0 4280429587 
4.1683736 2.1580703 0 4280562456 
4.255384 2.1744025 0 4279837713 
4.329886 2.1693377 0 4279771920 
4.4073129 2.1790392 0 4279705102 
4.4714456 2.1657684 0 4279180299 
4.5203424 2.1747 0 4279113736 
4.6394086 2.1852105 0 4279311369 
4.8783593 2.1844869 0 4279311373 
4.9763002 2.1792123 0 4279969817 
4.6742468 2.2020757 0 4279442955 
4.7463064 2.2041245 0 4279574541 
4.8591986 2.2243643 0 4279443725 
4.1131811 2.1846113 0 4280430098 
4.4392328 2.1804404 0 4278848512 
4.5371313 2.1984708 0 4278915074 
4.5702372 2.1839039 0 4279442442 
4.1970859 2.2013676 0 4280232723 
4.255137 2.2032032 0 4280495893 
4.3141909 2.2047751 0 4280562458 
4.439043 2.239064 0 4279243776 
4.5030088 2.2268558 0 4278980352 
4.6390262 2.2171164 0 4279640334 
4.7460313 2.236243 0 4279771920 
4.8210874 2.239203 0 4279772690 
4.9760876 2.2449164 0 4279376397 
4.9359751 2.2598734 0 4279771920 
4.1824169 2.2219071 0 4280561685 
4.2249389 2.2163966 0 4280430100 
4.3448925 2.2498965 0 4280495893 
4.6388707 2.2480016 0 4279243523 
4.4388938 2.2686198 0 4280430098 
4.5028372 2.2715797 0 4279242752 
4.5697765 2.2751837 0 4279439873 
4.6037669 2.2618296 0 4279309057 
4.7457561 2.2683623 0 4279640332 
4.7828627 2.2540631 0 4279837713 
4.8588572 2.2575138 0 4280035603 
4.9757991 2.2785897 0 4280035090 
4.2246943 2.2449949 0 4280956442 
4.2692108 2.2402534 0 4281088027 
4.3756838 2.266541 0 4280824086 
4.4706268 2.2858264 0 4280694040 
4.6736259 2.2808995 0 4279638278 
4.7825851 2.2864323 0 4279902991 
4.820632 2.272624 0 4279838224 
4.8966246 2.2758367 0 4280035090 
4.9356141 2.2615023 0 4280101137 
4.9756775 2.2791369 0 4280298262 
4.502686 2.3015611 0 4280561686 
4.569623 2.3056107 0 4279177728 
4.6385593 2.3097725 0 4279309059 
4.4064865 2.1971047 0 4279046662 
4.2245393 2.245692 0 4281545991 
4.2738237 2.2344363 0 4279969296 
4.3290138 2.2296143 0 4279573515 
4.406446 2.2259629 0 4279047430 
4.502439 2.2440753 0 4279376395 
4.8964901 2.2445827 0 4280627735 
4.9355388 2.2297285 0 4279903758 
4.3445745 2.2513306 0 4281810468 
4.4065127 2.2543361 0 4279639821 
4.4704838 2.2719259 0 4280429844 
4.6208816 2.2869568 0 4280364050 
4.7094784 2.2834263 0 4280232719 
4.7824688 2.2869585 0 4279969036 
4.8204551 2.2734194 0 4280035342 
4.8585019 2.2591171 0 4280233233 
4.5694003 2.3066161 0 4280363796 
4.6209517 2.316709 0 4280298515 
4.7093778 2.3145249 0 4280495380 
4.3444424 2.1953807 0 4278981637 
4.4063787 2.1975894 0 4279178246 
4.4703684 2.199718 0 4278915588 
4.2543712 2.234345 0 4279047432 
4.3236866 2.2230771 0 4279047175 
4.5363913 2.2165694 0 4279112966 
4.6033602 2.2337091 0 4279178248 
4.6732917 2.236793 0 4279112453 
4.975359 2.2482004 0 4280956446 
4.2542806 2.2624435 0 4279244810 
4.6733627 2.2668831 0 4280890903 
4.7452931 2.2704504 0 4281023007 
4.782352 2.2874844 0 4279903504 
4.8203378 2.2739499 0 4280497176 
4.8583241 2.2599189 0 4280561175 
4.9352527 2.2631311 0 4279113225 
4.422224 2.220418 0 4279112454 
4.5362458 2.2024639 0 4278718465 
4.6731205 2.2375643 0 4278981381 
4.3131642 2.2655473 0 4278916359 
4.3750963 2.2691886 0 4278916357 
4.4060831 2.2562754 0 4278850566 
4.8201027 2.2750103 0 4280034838 
4.8771539 2.2851291 0 4279310601 
4.5690384 2.2487791 0 4279112455 
4.4700131 2.259501 0 4278981639 
4.5359411 2.2628784 0 4278981639 
4.6729064 2.2689397 0 4279113225 
4.857924 2.2933357 0 4279178248 
4.9349666 2.2965338 0 4279508494 
4.3749094 2.3269813 0 4279113227 
4.4058943 2.3144772 0 4279113738 
4.5187564 2.3289022 0 4279112712 
4.7086883 2.3176336 0 4279047945 
4.8576422 2.3262181 0 4280101916 
4.9346805 2.3299367 0 4279508494 
4.4376884 2.3607059 0 4279442703 
4.469522 2.3780837 0 4279047943 
4.5016146 2.3649914 0 4279113223 
4.5685358 2.3699837 0 4278917127 
4.6725497 2.3617797 0 4279113738 
4.5013533 2.395468 0 4279047430 
4.6374555 2.3751159 0 4279443473 
4.7444677 2.3668067 0 4278915846 
4.8574791 2.358566 0 4278982922 
4.5683823 2.4004102 0 4279047945 
4.7812428 2.4169595 0 4278982152 
4.5681176 2.4313395 0 4278982152 
4.6371441 2.4368865 0 4279047945 
4.8950858 2.4420714 0 4279113736 
4.9341831 2.4285161 0 4278982152 
4.7441053 2.4610748 0 4279048717 
4.3741355 2.2735214 0 4282075693 
4.4370794 2.3345683 0 4282009900 
4.4690857 2.3800511 0 4282009902 
4.568006 2.4318423 0 4282074923 
4.856945 2.4874232 0 4279047943 
4.7807612 2.5124879 0 4279704592 
4.856782 2.5197713 0 4279113736 
4.5677972 2.3435786 0 4282009900 
4.5349307 2.3559964 0 4282338349 
4.7806444 2.5130141 0 4282009902 
4.5347509 2.327286 0 4282010415 
4.8184991 2.5017993 0 4282207533 
3.4178205 0.15075594 0 4278718467 
3.494828 0.15420876 0 4278849283 
3.5349288 0.17850518 0 4278652674 
3.4818695 0.032981738 0 4278718724 
3.3437574 0.071744785 0 4278586880 
3.4367704 0.084933519 0 4278586881 
3.4754474 0.070848979 0 4278521088 
3.5547693 0.064912722 0 4278521088 
3.2056439 0.14195339 0 4278586881 
3.2907283 0.10271318 0 4278718467 
3.3437622 0.12596948 0 4278718467 
3.389751 0.11683507 0 4278718465 
3.4367232 0.11860048 0 4278784258 
3.2907181 0.16682248 0 4278586881 
3.3077083 0.18921067 0 4278717697 
3.5213547 0.15604819 0 4278718210 
3.2736373 0.20879348 0 4278521088 
3.5347788 0.041544359 0 4278652674 
3.5757389 0.0422488 0 4278653187 
3.0035517 0.074752659 0 4278652160 
3.0855956 0.066684783 0 4278586624 
3.108582 0.097496971 0 4278586881 
3.2217031 0.058786895 0 4278521090 
3.2557154 0.080514349 0 4278586881 
3.5347142 0.087715097 0 4278521088 
3.5756552 0.081302717 0 4278586881 
3.0175145 0.11444359 0 4278783490 
3.0625432 0.13593277 0 4278783490 
3.1566126 0.11939149 0 4278652676 
3.4366553 0.10775523 0 4278652674 
3.4689484 0.12397572 0 4278652674 
3.5860486 0.12473495 0 4278652674 
3.0324221 0.1941535 0 4278717697 
3.0935252 0.17756599 0 4278717697 
3.1085722 0.15805657 0 4278717697 
3.2820387 -0.024500828 0 4278521088 
2.737412 0.068524048 0 4278651904 
2.7863975 0.078892514 0 4278586881 
2.8579226 0.080834895 0 4278586624 
2.7683229 0.11461213 0 4278783490 
2.8513486 0.12725534 0 4278717697 
2.8382802 0.16381134 0 4278652674 
2.6099849 0.33815888 0 4278915074 
3.0169075 0.39131048 0 4279046660 
2.5558159 0.44801685 0 4279047684 
2.9598517 0.43219417 0 4278915844 
3.0318954 0.41298828 0 4278784258 
3.0773916 0.4291411 0 4278981121 
3.1238873 0.44583416 0 4278915328 
3.1558719 0.42998725 0 4279046660 
2.5827813 0.47806212 0 4279047684 
2.6437573 0.48943418 0 4279112962 
3.0768209 0.47936738 0 4279047427 
3.1238446 0.47638911 0 4278850305 
3.1878457 0.47584891 0 4278981379 
3.212831 0.47964561 0 4278784258 
2.5737381 0.50715786 0 4279113221 
3.1397409 0.50991744 0 4279047684 
3.2127185 0.53226197 0 4279113734 
3.2548022 0.50716889 0 4279047684 
3.0025902 0.60531199 0 4281747747 
3.0615721 0.61726409 0 4282010667 
3.1235538 0.62982035 0 4282075175 
3.1875927 0.60113829 0 4281680671 
3.6155789 1.3673296 0 4282273324 
3.7465439 1.3924932 0 4282141739 
3.6364346 1.4231195 0 4282140970 
3.7465551 1.4167721 0 4282207531 
3.7847652 1.4235554 0 4282075691 
3.7463951 1.4661525 0 4281812005 
3.769486 1.4502251 0 4282141482 
3.3255901 -0.11134941 0 4278586881 
3.3985922 -0.11374565 0 4278783490 
3.4755955 -0.11627672 0 4278652674 
3.221488 -0.065679781 0 4278652674 
3.2554486 -0.066171482 0 4278652674 
3.3164935 -0.078305997 0 4278652674 
3.3615193 -0.090391882 0 4278652674 
3.4364889 -0.069916576 0 4278652674 
3.4755638 -0.093577094 0 4278652674 
3.229929 -0.044619784 0 4278717697 
3.2904286 -0.024061281 0 4278388736 
3.3193636 -0.031116864 0 4278389505 
3.3860552 -0.01709025 0 4278521088 
3.4363739 -0.047094859 0 4278849283 
2.5202951 0.047102459 0 4278651905 
3.4363213 0.020050552 0 4278652673 
2.5219486 0.079897188 0 4278586368 
2.5672836 0.081423037 0 4278651904 
2.6333115 0.083381131 0 4278717697 
2.6903238 0.085165545 0 4278651904 
2.535682 0.12191436 0 4278521088 
2.5671272 0.14870954 0 4278586881 
2.6252525 0.11738282 0 4278586881 
2.6709156 0.11946394 0 4278717954 
2.7492604 0.14087448 0 4278783490 
2.6211352 0.15182017 0 4278652674 
2.73722 0.1581976 0 4278717697 
2.5099592 0.27640852 0 4278718209 
2.5724893 0.27483201 0 4278783489 
2.621007 0.28846258 0 4278652672 
2.666661 0.28206921 0 4278717953 
2.7250049 0.29993716 0 4278783488 
2.535465 0.32039195 0 4278783745 
2.584657 0.32351324 0 4278849538 
2.6439874 0.32540125 0 4278849281 
2.6899788 0.33110866 0 4278784258 
2.7249675 0.32663149 0 4278849538 
2.7776453 0.32158265 0 4278718465 
2.8118789 0.32834557 0 4278849281 
2.8508534 0.33301347 0 4278652672 
2.9038413 0.33925644 0 4278718465 
2.5458968 0.37981573 0 4278915842 
2.580389 0.37654856 0 4278915842 
2.6296256 0.37961456 0 4278981378 
2.6663895 0.37183788 0 4278850050 
2.7128913 0.36949822 0 4278784513 
2.7698905 0.37729263 0 4278981122 
2.811883 0.37394953 0 4278981891 
2.8706315 0.36780578 0 4278849795 
2.9248681 0.38906753 0 4278849538 
2.9879043 0.3681708 0 4278915844 
3.0248837 0.3630777 0 4278652673 
2.5458386 0.42138052 0 4278981890 
2.5833216 0.42767954 0 4278981891 
2.6238084 0.42163718 0 4279047427 
2.6722784 0.43385583 0 4278982147 
2.7187798 0.41938233 0 4279047171 
2.7857645 0.43430653 0 4278981891 
2.8204718 0.42127261 0 4278981891 
2.8773341 0.42018533 0 4279047172 
2.5887928 0.45390236 0 4279047682 
2.6327813 0.46166471 0 4279047684 
2.6722293 0.46880066 0 4279047940 
2.7126653 0.47617897 0 4279113732 
2.7696514 0.46825102 0 4279113476 
2.824652 0.47763783 0 4279047684 
2.8506446 0.48197326 0 4278981891 
2.9177167 0.47398505 0 4278981892 
2.9737258 0.48305765 0 4279047684 
3.0027828 0.46801591 0 4278981891 
3.2126749 0.4803499 0 4278389504 
2.4445245 0.5409345 0 4281549603 
2.4845629 0.53346455 0 4280430101 
2.5146203 0.52331203 0 4279376648 
2.5702653 0.52939457 0 4280035087 
2.6296613 0.52138448 0 4279245318 
2.6710043 0.524656 0 4280035086 
2.720643 0.50707436 0 4279442694 
2.776844 0.52379012 0 4279837451 
2.877106 0.53334862 0 4279245319 
2.9246092 0.52316058 0 4279113476 
3.0391765 0.52347147 0 4279113476 
3.115675 0.53663105 0 4279048454 
3.2310028 0.52961302 0 4279179526 
3.2547231 0.50752604 0 4278981891 
2.8245831 0.55119705 0 4280429587 
2.9245911 0.56107157 0 4280233233 
2.9595764 0.57751346 0 4281089052 
3.0466137 0.57450634 0 4280100880 
3.1076107 0.57591611 0 4279904528 
3.1876366 0.56990331 0 4279772940 
3.2319005 0.58161157 0 4281088796 
3.1075397 0.62666667 0 4281944101 
3.1618676 0.62560397 0 4281286175 
3.2124982 0.60627085 0 4281220637 
3.1314037 0.66257262 0 4281549858 
3.1554773 0.65708798 0 4281155358 
3.3594165 1.2934672 0 4282207531 
3.359355 1.3373758 0 4282206763 
3.6684668 1.328202 0 4282076205 
3.7013645 1.328573 0 4282141738 
3.7244313 1.3606721 0 4282076460 
3.7923701 1.3856732 0 4282076458 
3.8233175 1.4219604 0 4282141996 
3.8872812 1.4458628 0 4281943337 
3.9122319 1.4299301 0 4281351970 
3.6573219 1.4555606 0 4281680419 
3.7462411 1.4790118 0 4280826142 
3.7693062 1.4591955 0 4281615399 
3.8151648 1.4816844 0 4279837973 
3.8632364 1.4622732 0 4280956444 
3.9121962 1.4554999 0 4281023005 
3.7010932 1.5220952 0 4278652676 
3.7691875 1.5005294 0 4279707156 
3.8151412 1.5313463 0 4278982152 
3.7689576 1.5994828 0 4278587396 
3.8390861 1.5536472 0 4278785543 
3.8790138 1.5868564 0 4278850824 
3.863024 1.6137698 0 4278587142 
3.3922579 -0.016623266 0 4278323456 
3.4171629 -0.0089273443 0 4278257920 
3.4753308 -0.047415115 0 4278849283 
3.4171767 0.020583235 0 4278718467 
2.5669789 0.16603598 0 4278783490 
2.6329987 0.1702213 0 4278586881 
2.6779001 0.19095944 0 4278651904 
2.6212769 0.27254456 0 4278652417 
2.7367532 0.30239603 0 4278521088 
3.1393392 0.63400769 0 4281023772 
3.123297 0.65125358 0 4281418528 
3.3052483 1.3164682 0 4281943589 
3.3960938 1.3752649 0 4281154591 
3.7693028 1.3531343 0 4282208046 
3.8632486 1.3869492 0 4282339378 
3.4530852 1.4206773 0 4280694555 
3.4919837 1.4597696 0 4278652674 
3.8270471 1.4744241 0 4280364315 
3.8790417 1.477592 0 4280430362 
3.83902 1.5123883 0 4279114251 
3.6358805 1.5673083 0 4278521603 
3.3228922 1.4115309 0 4278586881 
3.3777363 1.501264 0 4278916877 
3.5118086 1.537298 0 4278718982 
3.1538033 1.3610821 0 4278586881 
3.2876792 1.4831352 0 4279113488 
3.3045125 1.5558966 0 4279770887 
3.0006959 1.3349744 0 4279112203 
3.074748 1.3474444 0 4279047945 
3.0005403 1.3941451 0 4280101151 
3.1376066 1.4366318 0 4278586629 
3.185348 1.5423825 0 4282993157 
3.2352495 1.5878708 0 4278848256 
3.27034 1.5726436 0 4282072064 
3.3222845 1.5869243 0 4282663168 
3.2102015 1.6071671 0 4279178753 
2.7595415 1.2830238 0 4282008871 
2.8225861 1.2935359 0 4281088550 
2.8616245 1.292505 0 4279771165 
2.7964334 1.3369007 0 4279377440 
3.9614315 1.3487875 0 4280822028 
2.9294941 1.3806469 0 4279377442 
3.9613953 1.3746842 0 4280822030 
2.9153659 1.412554 0 4279245856 
3.0294187 1.4474194 0 4279837730 
3.961359 1.4005809 0 4281284894 
2.9712243 1.4980077 0 4278718980 
3.0142593 1.4997711 0 4279506690 
2.9431925 1.503269 0 4278455558 
3.0742981 1.5092376 0 4278782720 
3.2872083 1.5920299 0 4283321858 
3.3401654 1.5959936 0 4281808128 
3.0900841 1.618367 0 4278192384 
3.1211164 1.6140511 0 4278390017 
3.1691518 1.6179305 0 4278390017 
3.2758131 1.6293863 0 4278520832 
3.3101006 1.6250319 0 4279705092 
3.3860736 1.6291835 0 4278521088 
3.4331255 1.617957 0 4282992393 
3.4816046 1.6294496 0 4280099072 
3.5310836 1.6410279 0 4278980096 
3.2350223 1.6939769 0 4278258432 
3.2697058 1.6835899 0 4278389763 
3.313025 1.6807103 0 4278192128 
3.3706615 1.676953 0 4278192385 
3.4329474 1.685668 0 4278192384 
3.4909992 1.6796637 0 4278323713 
3.5719681 1.6835665 0 4278454273 
3.2699461 1.7125049 0 4279641367 
3.3769176 1.7353141 0 4278652422 
3.4233999 1.7145867 0 4278652676 
3.5719025 1.7303648 0 4278191616 
3.6632185 1.7266873 0 4278388480 
3.7302177 1.7176577 0 4278914817 
3.3763299 1.7683588 0 4280102684 
3.423337 1.7593517 0 4279641364 
3.5207868 1.7864058 0 4278389507 
3.5718532 1.765395 0 4278323969 
3.6668012 1.7883492 0 4278586112 
3.7227802 1.7672 0 4278651648 
3.4812224 1.8120544 0 4278653190 
3.5926843 1.8348089 0 4278850566 
3.6137171 1.8218192 0 4278521088 
3.6557505 1.8189185 0 4278717697 
3.7447286 1.8142827 0 4278454528 
3.7676942 1.8499699 0 4278586112 
3.7446256 1.887736 0 4278717697 
3.7676599 1.8746048 0 4278717697 
3.7225924 1.9010736 0 4278783490 
2.5437877 1.0501591 0 4280296981 
2.4725842 1.1023284 0 4282928678 
2.5126212 1.103505 0 4282008353 
2.5756674 1.1139776 0 4279244039 
2.6077032 1.1105945 0 4279311117 
2.5124218 1.2023202 0 4282534695 
2.5752823 1.2997296 0 4280298010 
2.675492 1.2618965 0 4282534695 
2.6183157 1.3040726 0 4279968795 
2.6643505 1.3093113 0 4279837209 
2.7223892 1.3197019 0 4279573786 
3.9362712 1.3154986 0 4280953355 
3.9613152 1.3407354 0 4281019147 
2.6752024 1.3760871 0 4278982943 
2.7222481 1.3733896 0 4279114272 
2.7592807 1.3738204 0 4279180065 
2.8093166 1.3800865 0 4279905072 
3.9873025 1.3840493 0 4280888845 
3.9361567 1.4310819 0 4281547804 
3.9872661 1.4101158 0 4281351200 
4.026155 1.4373264 0 4281152788 
4.0786667 1.4161487 0 4280033552 
4.0920439 1.4745178 0 4280691721 
4.1200843 1.457571 0 4280493833 
2.8741286 1.5059479 0 4278257926 
2.901159 1.5009913 0 4278586631 
3.5716517 1.8475243 0 4279247119 
3.5506196 1.859965 0 4280234268 
3.6885428 1.9199874 0 4278652673 
2.2237051 0.93410081 0 4280824346 
2.0763822 0.97431141 0 4282073632 
2.1221471 0.97140127 0 4281744668 
2.186157 0.97550428 0 4282863142 
2.235641 0.97565389 0 4282928933 
2.3066349 0.99134529 0 4280955157 
2.0255258 1.0209206 0 4280099857 
2.0815675 1.024386 0 4282205732 
2.1390877 1.0175918 0 4281020703 
2.1880827 1.0298587 0 4279968539 
2.2415819 1.0221555 0 4281480731 
2.3145854 1.0325555 0 4282928934 
2.024523 1.0581666 0 4281350169 
2.0674958 1.0648116 0 4281087779 
2.1727836 1.0723913 0 4278785306 
2.2208586 1.0730616 0 4278720281 
2.2755034 1.0895311 0 4278783758 
2.3145323 1.0703773 0 4281480214 
2.1309478 1.111294 0 4279113761 
2.1764386 1.1242362 0 4279247144 
2.2234864 1.1155747 0 4279048993 
2.2764702 1.1272051 0 4278916890 
2.3147914 1.1235245 0 4278586378 
2.3954477 1.1467407 0 4281218583 
2.4215109 1.119373 0 4282468128 
2.2433772 1.1697066 0 4279510315 
2.2766299 1.1720861 0 4278983455 
2.3203964 1.1716868 0 4278521612 
2.4094186 1.1769992 0 4280757010 
2.3322787 1.2236862 0 4278454273 
2.3772824 1.2315923 0 4279770638 
2.4140117 1.2187935 0 4279901709 
2.4748549 1.2249295 0 4282468645 
2.4772043 1.2912593 0 4281350952 
2.5332503 1.2953298 0 4281153573 
3.8861697 1.2994006 0 4278585088 
2.618156 1.3728251 0 4279048991 
3.9611421 1.3500926 0 4278519296 
4.039052 1.3768336 0 4278257152 
4.1469917 1.4270411 0 4278388480 
3.9109218 1.486654 0 4280821765 
3.9869621 1.4891917 0 4281019657 
4.0130005 1.4725705 0 4279901698 
4.1749873 1.4772917 0 4280164875 
4.2319264 1.4700568 0 4278519552 
3.7679026 1.5063236 0 4279835653 
3.8218119 1.5280685 0 4280098566 
3.8858848 1.5026511 0 4281149960 
3.935791 1.522229 0 4281676810 
3.9868286 1.5156963 0 4281480201 
4.064868 1.5184852 0 4281150982 
4.1333389 1.530586 0 4280690695 
4.2038794 1.5289099 0 4280427524 
4.2763696 1.5273468 0 4280427784 
4.4298482 1.5242066 0 4279177475 
3.8137419 1.5748241 0 4278914560 
4.0917315 1.5556761 0 4281545488 
4.2907071 1.574981 0 4281415187 
4.3827467 1.5797788 0 4281348874 
4.4777884 1.5844252 0 4281085704 
3.8377068 1.6097341 0 4279243264 
4.5435948 1.6674771 0 4282538554 
3.8737369 1.5364344 0 4280755975 
3.861666 1.5822585 0 4279703554 
3.9606223 1.584033 0 4280822550 
4.0256763 1.570261 0 4281283349 
4.0780764 1.5909934 0 4281681966 
4.1746306 1.5873919 0 4282140205 
4.2316685 1.5811954 0 4281878829 
3.8135791 1.6251142 0 4279704069 
3.8616128 1.6201327 0 4279572481 
3.9691956 1.630887 0 4280496411 
4.0125046 1.6181946 0 4281484074 
4.2614856 1.6484973 0 4281089577 
4.4135585 1.6490499 0 4282867010 
3.8135266 1.6625175 0 4279440897 
3.8694477 1.6744345 0 4281154077 
3.9270821 1.6737738 0 4280495126 
3.960417 1.6621579 0 4279904276 
4.1328983 1.6667544 0 4278980867 
4.2034502 1.6537485 0 4281023016 
4.351521 1.6545459 0 4281549866 
4.5434427 1.6976845 0 4280822030 
3.8613596 1.7341793 0 4281217296 
4.477406 1.7025158 0 4280887821 
1.9134053 0.19095182 0 4278323200 
1.8818673 0.28227383 0 4278389248 
1.9223131 0.26912987 0 4278389504 
1.8416589 0.33662498 0 4279838482 
1.858206 0.3152214 0 4279311369 
1.8266137 0.35785806 0 4279509262 
3.9862814 1.6994766 0 4279046662 
4.0296264 1.6827837 0 4279836426 
4.231307 1.6927987 0 4280691471 
1.8778343 0.27593979 0 4278191616 
1.8436801 0.33376321 0 4278256640 
1.8571458 0.3093113 0 4278191872 
1.829527 0.35882363 0 4278190848 
1.0444202 0.071421243 0 4278521090 
1.0376011 0.12532727 0 4278455297 
1.0267005 0.17446193 0 4278520834 
1.4961443 0.38177428 0 4282335771 
1.6570537 0.43266201 0 4278191872 
1.0673667 0.092397295 0 4280493577 
1.1265714 0.089139834 0 4279769861 
1.0266664 0.12484316 0 4278585856 
1.0659693 0.12346108 0 4280361995 
1.1206939 0.12530483 0 4280954641 
1.1513487 0.10133359 0 4279704326 
1.0256971 0.17481512 0 4278717184 
1.0748869 0.17454237 0 4281349138 
1.1004469 0.16932032 0 4281612307 
1.0313824 0.22519639 0 4278782977 
1.0664543 0.23114571 0 4280953870 
1.0614395 0.2692863 0 4281546259 
1.1044406 0.2709879 0 4282072599 
1.18411 0.26650712 0 4282073369 
1.2151055 0.27312875 0 4282006806 
1.2814331 0.28048447 0 4281809427 
1.2871281 0.32193145 0 4282138392 
1.3245051 0.31394511 0 4281809686 
1.3758743 0.3399843 0 4282204184 
1.4010172 0.3452611 0 4281941532 
1.4700651 0.37571791 0 4281414675 
1.6429361 0.39762682 0 4278192386 
1.6429859 0.41874948 0 4278191104 
1.6814923 0.42826003 0 4278191360 
1.7276012 0.43612781 0 4278191104 
1.7798802 0.43911648 0 4278257409 
1.7359638 0.45306781 0 4278191360 
1.0255724 0.064843513 0 4280164359 
1.0790418 0.067464575 0 4280361994 
1.130538 0.069027185 0 4279309314 
1.183246 0.073824659 0 4278651393 
1.1326573 0.13508101 0 4278652419 
1.1753982 0.12719846 0 4278191616 
1.2252704 0.12501597 0 4278785804 
1.2682635 0.12008581 0 4280105259 
1.3191559 0.13096185 0 4280962876 
1.3751332 0.1375892 0 4281617976 
1.404613 0.14490908 0 4279641366 
1.0882013 0.1960558 0 4282139165 
1.1240597 0.17459215 0 4279375624 
1.178188 0.17862898 0 4279244810 
1.2264442 0.17806135 0 4280170791 
1.2669851 0.17016342 0 4281160515 
1.3198193 0.17638618 0 4279773980 
1.371702 0.16980232 0 4279377166 
1.0869576 0.21723056 0 4281481241 
1.1197655 0.22070237 0 4281020434 
1.1841518 0.21632135 0 4281414676 
1.2241181 0.21994242 0 4279901960 
1.2707984 0.23193008 0 4278651905 
1.3216132 0.22595131 0 4278520834 
1.3795035 0.2214742 0 4278850053 
1.4254771 0.23548977 0 4279178246 
1.1196109 0.25634557 0 4282007065 
1.1951065 0.25335249 0 4282072086 
1.2930561 0.26176506 0 4278585600 
1.3188959 0.27999797 0 4278849795 
1.3741219 0.27238426 0 4278323200 
1.4384093 0.27521598 0 4279574280 
1.34196 0.30539787 0 4280364055 
1.3631221 0.31594652 0 4280034833 
1.4078881 0.30633929 0 4278521603 
1.6748792 0.36183354 0 4279707672 
1.725863 0.37243396 0 4278785550 
1.7708344 0.35896266 0 4278191616 
1.8228211 0.3809562 0 4278653706 
1.9127796 0.39928576 0 4278257664 
1.7858571 0.40819329 0 4278654734 
1.8350914 0.43122956 0 4278785549 
1.8714087 0.4275569 0 4278917906 
1.9217272 0.4138003 0 4278521351 
1.8232735 0.47365126 0 4278191360 
1.8707995 0.53777617 0 4278258177 
1.9004891 0.57108188 0 4278258177 
1.3680456 0.13513929 0 4281155107 
1.427091 0.14249915 0 4280627997 
1.3289118 0.1516818 0 4282142001 
1.3786262 0.15963347 0 4281944879 
1.4192208 0.17758359 0 4279245065 
1.435921 0.20834439 0 4279705871 
1.4661396 0.23283981 0 4279574286 
1.4119061 0.27035978 0 4279904269 
1.4794511 0.26923648 0 4278455040 
1.5091875 0.26705447 0 4280498199 
1.5598115 0.2977156 0 4278522371 
1.7607641 0.34589219 0 4279376908 
1.8667356 0.37205467 0 4279179785 
1.9246573 0.38974574 0 4279311630 
1.8896405 0.44439983 0 4278325514 
1.9341171 0.42512226 0 4278851597 
1.8462638 0.48274955 0 4278192386 
1.8752217 0.46994558 0 4278654477 
1.9064946 0.46950278 0 4278786062 
1.8810229 0.51022685 0 4278258179 
1.9124645 0.52498633 0 4278323971 
1.9544408 0.54897201 0 4278389763 
1.8954086 0.59461838 0 4278717952 
1.9214211 0.57956833 0 4278984205 
1.9851917 0.57564098 0 4278720011 
2.0253191 0.59520268 0 4278192128 
1.8893148 0.61163384 0 4279180034 
1.9132851 0.62554318 0 4279641093 
1.9642956 0.60341704 0 4279642634 
2.0188019 0.60654348 0 4278390790 
4.9806409 1.8359139 0 4279179016 
4.8635559 1.8885918 0 4278848513 
4.9275479 1.8704153 0 4279046150 
4.980474 1.8690397 0 4279047945 
4.7875023 1.9219568 0 4280554245 
4.8635116 1.9204053 0 4278848256 
4.9404016 1.9187878 0 4278585344 
3.742379 1.9708562 0 4279179017 
4.9403563 1.9511048 0 4278519552 
1.4770786 0.2414235 0 4282538556 
1.4884675 0.26598522 0 4281024542 
1.5326232 0.29365852 0 4279576838 
1.8802019 0.60931313 0 4280959754 
1.9151922 0.62039721 0 4280894474 
1.967223 0.60463989 0 4280762888 
3.8233814 1.8762586 0 4282143030 
3.8353214 1.9196968 0 4282340412 
3.9082344 1.9180061 0 4281748272 
3.7882118 1.9955088 0 4280495895 
3.8232412 1.9762363 0 4280956707 
3.8711984 1.9758103 0 4281812527 
3.9081626 1.9691457 0 4281548327 
4.8631849 1.9851011 0 4278651906 
4.9801698 1.9999007 0 4278586629 
3.8111036 2.0079453 0 4280695071 
3.8591063 2.007782 0 4280694044 
4.9800029 2.0330265 0 4278718980 
3.8832448 1.8427504 0 4278455558 
3.9331765 1.8920052 0 4278783757 
3.9581242 1.9298259 0 4281351972 
4.0100479 1.9160538 0 4278389765 
4.1170335 1.9263471 0 4278850063 
3.9840705 1.9684637 0 4281351972 
4.035975 1.9679829 0 4278981639 
3.8829596 2.046001 0 4281219616 
3.93296 2.0464044 0 4281023009 
3.9709883 2.0270045 0 4281349408 
4.0359993 2.0203526 0 4281942826 
4.0753918 2.0271268 0 4280495899 
3.9078467 2.059499 0 4281549612 
4.0098453 2.0603552 0 4281089575 
4.0618453 2.0602868 0 4281089315 
4.0889893 1.8870513 0 4279113738 
4.075367 1.9742453 0 4278586885 
4.1168265 1.9674304 0 4279243781 
4.2008758 1.9657847 0 4278652937 
4.1302414 2.0279212 0 4278850567 
4.1302156 2.0816555 0 4278981894 
