00000001100000000000000000000000000000000000000000
00000011111000000000000000000000000000000000000000
00000112211110000000000000000000000000000000000000
00000011222111100000000000000000000000000000000000
00000011112221111000000000000000000000000000000000
00000001111212211110000000000000000000000000000000
00111111111122122111111111111111111111111110000000
01111111111111211221111111111111111111111110000000
11222222222222222222222222222222222222222220000000
01122221111111112212111111111111111111121110000000
01122221111111111121111111111111111111211110000000
11222222211111111122111100000000000112111000000000
01111111222222222221221100000000001121110000000000
00111111111211111222222110000000011211100000000000
00000000111122111211111100000000112111000000000000
00000000001111221211111000000001121110000000000000
00000000000011112211110000000011211100000000000000
00000000000000112122111100000111211000000000000000
00000000000001112111211111001112110000000000000000
00000000000001121111122111111121100000000000000000
00000000000001121101111221111211000000000000000000
00000000000011121100011112212110000000000000000000
00000000000011211000000111122111100000000000000000
00000000000011211000000111211211111000000000000000
00000000000111211000000112111122111100000000000000
00000000000112110000001121101111221111000000000000
00000000000112110000011211000011112211110000000000
00000000001121110000112110000000111122111100000000
00000000001121100001121110000000011111211111000000
00000000001121100011211100000000000111122111100000
00000000011211100112111000000000000001111221111000
00000000011211001121110000000000000000011112211110
00000000011211011211100000000000000000000111122110
00000000112111112111000000000000000000000011111211
00000000112111121110000000000000000000000000111110
00000000112111121100000000000000000000000000001100
00000001121111211000000000000000000000000000000000
00000001121112110000000000000000000000000000000000
00000011121121100000000000000000000000000000000000
00000011211211000000000000000000000000000000000000
00000011212110000000000000000000000000000000000000
00000111221100000000000000000000000000000000000000
00000112211000000000000000000000000000000000000000
00000112110000000000000000000000000000000000000000
00000011110000000000000000000000000000000000000000
00000001000000000000000000000000000000000000000000
00000000000000000000000000000000000000000000000000
00000000000000000000000000000000000000000000000000
00000000000000000000000000000000000000000000000000
00000000000000000000000000000000000000000000000000
00000000000000000000000000000000000000000000000000
00000000000000000000000000000000000000000000000000
00000000000000000000000000000000000000000000000000
00000000000000000000000000000000000000000000000000
00000000000000000000000000000000000000000000000000
00000000000000000000000000000000000000000000000000
00000000000000000000000000000000000000000000000000
00000000000000000000000000000000000000000000000000
00000000000000000000000000000000000000000000000000
00000000000000000000000000000000000000000000000000
00000000000000000000000000000000000000000000000000
8 22
61 50
